#Profile 1             Profile 2
#x       y           x       y
#[]     []         []     []
0  3.9942553e-06            0  4.2638441e-06
8.7787119e-08  3.9952772e-06            8.5928174e-08  4.2691523e-06
1.7557424e-07  3.9956138e-06            1.7185635e-07  4.2652721e-06
2.6336136e-07  3.995707e-06            2.5778452e-07  4.254828e-06
3.5114847e-07  3.9962423e-06            3.437127e-07  4.2375324e-06
4.3893559e-07  3.9956849e-06            4.2964087e-07  4.2037585e-06
5.2672271e-07  3.9961959e-06            5.1556904e-07  4.1371526e-06
6.1450983e-07  3.9978608e-06            6.0149722e-07  4.1458753e-06
7.0229695e-07  3.9989891e-06            6.8742539e-07  4.1488866e-06
7.9008407e-07  3.999609e-06            7.7335357e-07  4.1519965e-06
8.7787119e-07  4.0001446e-06            8.5928174e-07  4.1563973e-06
9.6565831e-07  4.001608e-06            9.4520991e-07  4.1560213e-06
1.0534454e-06  4.0023095e-06            1.0311381e-06  4.1503004e-06
1.1412325e-06  4.0040906e-06            1.1170663e-06  4.1461191e-06
1.2290197e-06  4.0042037e-06            1.2029944e-06  4.1454155e-06
1.3168068e-06  4.0048037e-06            1.2889226e-06  4.1466257e-06
1.4045939e-06  4.0027701e-06            1.3748508e-06  4.1464236e-06
1.492381e-06  4.0056687e-06            1.460779e-06  4.1465263e-06
1.5801681e-06  4.0343455e-06            1.5467071e-06  4.1631696e-06
1.6679553e-06  4.0531288e-06            1.6326353e-06  4.1564448e-06
1.7557424e-06  4.077133e-06            1.7185635e-06  4.1466668e-06
1.8435295e-06  4.1015992e-06            1.8044917e-06  4.1319275e-06
1.9313166e-06  4.1120214e-06            1.8904198e-06  4.1291035e-06
2.0191037e-06  4.1115429e-06            1.976348e-06  4.1224292e-06
2.1068908e-06  4.1141144e-06            2.0622762e-06  4.1257524e-06
2.194678e-06  4.1165167e-06            2.1482043e-06  4.1324383e-06
2.2824651e-06  4.1154285e-06            2.2341325e-06  4.1263169e-06
2.3702522e-06  4.1146494e-06            2.3200607e-06  4.1168305e-06
2.4580393e-06  4.1154361e-06            2.4059889e-06  4.1150606e-06
2.5458264e-06  4.1167963e-06            2.491917e-06  4.174133e-06
2.6336136e-06  4.1182571e-06            2.5778452e-06  4.2707745e-06
2.7214007e-06  4.1180804e-06            2.6637734e-06  4.2291706e-06
2.8091878e-06  4.1181328e-06            2.7497016e-06  4.2229267e-06
2.8969749e-06  4.1180648e-06            2.8356297e-06  4.2097555e-06
2.984762e-06  4.1176953e-06            2.9215579e-06  4.2096974e-06
3.0725492e-06  4.1172831e-06            3.0074861e-06  4.2138929e-06
3.1603363e-06  4.1200814e-06            3.0934143e-06  4.2131172e-06
3.2481234e-06  4.1210833e-06            3.1793424e-06  4.2141591e-06
3.3359105e-06  4.1217569e-06            3.2652706e-06  4.1952096e-06
3.4236976e-06  4.1222568e-06            3.3511988e-06  4.1946583e-06
3.5114847e-06  4.1224578e-06            3.437127e-06  4.1981553e-06
3.5992719e-06  4.1237465e-06            3.5230551e-06  4.193785e-06
3.687059e-06  4.125249e-06            3.6089833e-06  4.1994154e-06
3.7748461e-06  4.1253417e-06            3.6949115e-06  4.2094411e-06
3.8626332e-06  4.1259955e-06            3.7808397e-06  4.2031697e-06
3.9504203e-06  4.1273142e-06            3.8667678e-06  4.1801604e-06
4.0382075e-06  4.1270404e-06            3.952696e-06  4.1750293e-06
4.1259946e-06  4.1288114e-06            4.0386242e-06  4.1683985e-06
4.2137817e-06  4.1302277e-06            4.1245523e-06  4.1714818e-06
4.3015688e-06  4.1133937e-06            4.2104805e-06  4.1688906e-06
4.3893559e-06  4.0634309e-06            4.2964087e-06  4.1762991e-06
4.4771431e-06  4.0338308e-06            4.3823369e-06  4.1688026e-06
4.5649302e-06  4.0344656e-06            4.468265e-06  4.1752784e-06
4.6527173e-06  4.0352231e-06            4.5541932e-06  4.165968e-06
4.7405044e-06  4.037322e-06            4.6401214e-06  4.1598365e-06
4.8282915e-06  4.0383223e-06            4.7260496e-06  4.1679331e-06
4.9160786e-06  4.0403335e-06            4.8119777e-06  4.1723487e-06
5.0038658e-06  4.0420489e-06            4.8979059e-06  4.1788966e-06
5.0916529e-06  4.0435974e-06            4.9838341e-06  4.1783369e-06
5.17944e-06  4.0448523e-06            5.0697623e-06  4.1824903e-06
5.2672271e-06  4.0456955e-06            5.1556904e-06  4.1932546e-06
5.3550142e-06  4.0464859e-06            5.2416186e-06  4.1714245e-06
5.4428014e-06  4.0481575e-06            5.3275468e-06  4.1621408e-06
5.5305885e-06  4.0499239e-06            5.413475e-06  4.1574983e-06
5.6183756e-06  4.0494976e-06            5.4994031e-06  4.1222343e-06
5.7061627e-06  4.0510289e-06            5.5853313e-06  4.066008e-06
5.7939498e-06  4.0517463e-06            5.6712595e-06  4.0515757e-06
5.881737e-06  4.051533e-06            5.7571877e-06  4.0664493e-06
5.9695241e-06  4.0526002e-06            5.8431158e-06  4.0658322e-06
6.0573112e-06  4.0530634e-06            5.929044e-06  4.0656209e-06
6.1450983e-06  4.0515371e-06            6.0149722e-06  4.0692823e-06
6.2328854e-06  4.0529249e-06            6.1009003e-06  4.0835875e-06
6.3206725e-06  4.0732405e-06            6.1868285e-06  4.100577e-06
6.4084597e-06  4.0906228e-06            6.2727567e-06  4.0838219e-06
6.4962468e-06  4.118883e-06            6.3586849e-06  4.073458e-06
6.5840339e-06  4.1487005e-06            6.444613e-06  4.0712911e-06
6.671821e-06  4.1617101e-06            6.5305412e-06  4.071698e-06
6.7596081e-06  4.1619809e-06            6.6164694e-06  4.078514e-06
6.8473953e-06  4.1612613e-06            6.7023976e-06  4.0764402e-06
6.9351824e-06  4.1617229e-06            6.7883257e-06  4.0728089e-06
7.0229695e-06  4.1625267e-06            6.8742539e-06  4.0936244e-06
7.1107566e-06  4.1637916e-06            6.9601821e-06  4.0897423e-06
7.1985437e-06  4.1632272e-06            7.0461103e-06  4.0830324e-06
7.2863309e-06  4.1642083e-06            7.1320384e-06  4.0790412e-06
7.374118e-06  4.1647616e-06            7.2179666e-06  4.0822915e-06
7.4619051e-06  4.1650899e-06            7.3038948e-06  4.0747709e-06
7.5496922e-06  4.1647958e-06            7.389823e-06  4.0674453e-06
7.6374793e-06  4.1664147e-06            7.4757511e-06  4.0982679e-06
7.7252664e-06  4.1665646e-06            7.5616793e-06  4.1843023e-06
7.8130536e-06  4.1691264e-06            7.6476075e-06  4.1916139e-06
7.9008407e-06  4.1702492e-06            7.7335357e-06  4.192044e-06
7.9886278e-06  4.1710048e-06            7.8194638e-06  4.1928823e-06
8.0764149e-06  4.1713385e-06            7.905392e-06  4.1814375e-06
8.164202e-06  4.1727329e-06            7.9913202e-06  4.1684584e-06
8.2519892e-06  4.1729495e-06            8.0772484e-06  4.1898675e-06
8.3397763e-06  4.1721714e-06            8.1631765e-06  4.1771072e-06
8.4275634e-06  4.1734523e-06            8.2491047e-06  4.1660288e-06
8.5153505e-06  4.1745208e-06            8.3350329e-06  4.1749474e-06
8.6031376e-06  4.1753716e-06            8.420961e-06  4.1762941e-06
8.6909248e-06  4.1750373e-06            8.5068892e-06  4.1710747e-06
8.7787119e-06  4.1761362e-06            8.5928174e-06  4.161532e-06
8.866499e-06  4.178241e-06            8.6787456e-06  4.1762417e-06
8.9542861e-06  4.178295e-06            8.7646737e-06  4.1759663e-06
9.0420732e-06  4.1772266e-06            8.8506019e-06  4.1677536e-06
9.1298603e-06  4.1653852e-06            8.9365301e-06  4.1624984e-06
9.2176475e-06  4.1333917e-06            9.0224583e-06  4.1815422e-06
9.3054346e-06  4.0895632e-06            9.1083864e-06  4.1793333e-06
9.3932217e-06  4.0846149e-06            9.1943146e-06  4.1678662e-06
9.4810088e-06  4.0875425e-06            9.2802428e-06  4.1511591e-06
9.5687959e-06  4.0887626e-06            9.366171e-06  4.1608727e-06
9.6565831e-06  4.0913496e-06            9.4520991e-06  4.1574803e-06
9.7443702e-06  4.0922034e-06            9.5380273e-06  4.1648012e-06
9.8321573e-06  4.0925794e-06            9.6239555e-06  4.1787907e-06
9.9199444e-06  4.0948078e-06            9.7098837e-06  4.1661894e-06
1.0007732e-05  4.0956817e-06            9.7958118e-06  4.1693556e-06
1.0095519e-05  4.0958335e-06            9.88174e-06  4.1644182e-06
1.0183306e-05  4.0973755e-06            9.9676682e-06  4.1574808e-06
1.0271093e-05  4.0981346e-06            1.0053596e-05  4.1562687e-06
1.035888e-05  4.0970885e-06            1.0139525e-05  4.1736867e-06
1.0446667e-05  4.0981325e-06            1.0225453e-05  4.1718551e-06
1.0534454e-05  4.0980717e-06            1.0311381e-05  4.1556018e-06
1.0622241e-05  4.0975344e-06            1.0397309e-05  4.1497097e-06
1.0710028e-05  4.0989544e-06            1.0483237e-05  4.1395902e-06
1.0797816e-05  4.0997434e-06            1.0569165e-05  4.1229695e-06
1.0885603e-05  4.1001632e-06            1.0655094e-05  4.0705355e-06
1.097339e-05  4.0989782e-06            1.0741022e-05  4.0453354e-06
1.1061177e-05  4.1002457e-06            1.082695e-05  4.0533699e-06
1.1148964e-05  4.1053667e-06            1.0912878e-05  4.0698324e-06
1.1236751e-05  4.1223604e-06            1.0998806e-05  4.0612281e-06
1.1324538e-05  4.143777e-06            1.1084734e-05  4.0667152e-06
1.1412325e-05  4.1737865e-06            1.1170663e-05  4.0632166e-06
1.1500113e-05  4.1996009e-06            1.1256591e-05  4.0532809e-06
1.15879e-05  4.2015565e-06            1.1342519e-05  4.0726409e-06
1.1675687e-05  4.2014922e-06            1.1428447e-05  4.0646967e-06
1.1763474e-05  4.20207e-06            1.1514375e-05  4.0700534e-06
1.1851261e-05  4.2027272e-06            1.1600303e-05  4.0700977e-06
1.1939048e-05  4.2033893e-06            1.1686232e-05  4.0707133e-06
1.2026835e-05  4.2036683e-06            1.177216e-05  4.0537704e-06
1.2114622e-05  4.20408e-06            1.1858088e-05  4.0517923e-06
1.220241e-05  4.205377e-06            1.1944016e-05  4.0562813e-06
1.2290197e-05  4.2059008e-06            1.2029944e-05  4.0568885e-06
1.2377984e-05  4.2072476e-06            1.2115873e-05  4.0606678e-06
1.2465771e-05  4.2073159e-06            1.2201801e-05  4.0675611e-06
1.2553558e-05  4.2079574e-06            1.2287729e-05  4.0643061e-06
1.2641345e-05  4.2085927e-06            1.2373657e-05  4.0734373e-06
1.2729132e-05  4.2091656e-06            1.2459585e-05  4.0620094e-06
1.2816919e-05  4.2101239e-06            1.2545513e-05  4.1022763e-06
1.2904706e-05  4.2097325e-06            1.2631442e-05  4.2123373e-06
1.2992494e-05  4.2093774e-06            1.271737e-05  4.1806542e-06
1.3080281e-05  4.2098317e-06            1.2803298e-05  4.161012e-06
1.3168068e-05  4.2106858e-06            1.2889226e-05  4.1493603e-06
1.3255855e-05  4.2110013e-06            1.2975154e-05  4.1718945e-06
1.3343642e-05  4.2108949e-06            1.3061082e-05  4.1644218e-06
1.3431429e-05  4.2101194e-06            1.3147011e-05  4.1591589e-06
1.3519216e-05  4.210774e-06            1.3232939e-05  4.156525e-06
1.3607003e-05  4.2116504e-06            1.3318867e-05  4.1669414e-06
1.3694791e-05  4.2119799e-06            1.3404795e-05  4.1417837e-06
1.3782578e-05  4.2123447e-06            1.3490723e-05  4.1394683e-06
1.3870365e-05  4.2121533e-06            1.3576651e-05  4.1466279e-06
1.3958152e-05  4.2125758e-06            1.366258e-05  4.1568927e-06
1.4045939e-05  4.2028512e-06            1.3748508e-05  4.1522131e-06
1.4133726e-05  4.183402e-06            1.3834436e-05  4.1471191e-06
1.4221513e-05  4.1275534e-06            1.3920364e-05  4.1380564e-06
1.43093e-05  4.115679e-06            1.4006292e-05  4.1429007e-06
1.4397087e-05  4.1175222e-06            1.4092221e-05  4.1478294e-06
1.4484875e-05  4.1187204e-06            1.4178149e-05  4.1358693e-06
1.4572662e-05  4.1198073e-06            1.4264077e-05  4.1327663e-06
1.4660449e-05  4.1208706e-06            1.4350005e-05  4.1329423e-06
1.4748236e-05  4.1226698e-06            1.4435933e-05  4.1354127e-06
1.4836023e-05  4.1240205e-06            1.4521861e-05  4.1352747e-06
1.492381e-05  4.124504e-06            1.460779e-05  4.1405157e-06
1.5011597e-05  4.1253005e-06            1.4693718e-05  4.1291066e-06
1.5099384e-05  4.1276264e-06            1.4779646e-05  4.1231073e-06
1.5187172e-05  4.1281052e-06            1.4865574e-05  4.1191619e-06
1.5274959e-05  4.128799e-06            1.4951502e-05  4.123278e-06
1.5362746e-05  4.1297252e-06            1.503743e-05  4.1239541e-06
1.5450533e-05  4.1304673e-06            1.5123359e-05  4.1253822e-06
1.553832e-05  4.1325662e-06            1.5209287e-05  4.1180257e-06
1.5626107e-05  4.1318326e-06            1.5295215e-05  4.1183864e-06
1.5713894e-05  4.1337573e-06            1.5381143e-05  4.1311177e-06
1.5801681e-05  4.1355937e-06            1.5467071e-05  4.1271919e-06
1.5889468e-05  4.136743e-06            1.5552999e-05  4.1065174e-06
1.5977256e-05  4.1382712e-06            1.5638928e-05  4.0871297e-06
1.6065043e-05  4.1437875e-06            1.5724856e-05  4.0209786e-06
1.615283e-05  4.1577236e-06            1.5810784e-05  4.0000958e-06
1.6240617e-05  4.191495e-06            1.5896712e-05  4.0257889e-06
1.6328404e-05  4.2122815e-06            1.598264e-05  4.0327604e-06
1.6416191e-05  4.2387218e-06            1.6068569e-05  4.0258996e-06
1.6503978e-05  4.2440698e-06            1.6154497e-05  4.0068131e-06
1.6591765e-05  4.2425045e-06            1.6240425e-05  4.0002251e-06
1.6679553e-05  4.2426756e-06            1.6326353e-05  4.0020458e-06
1.676734e-05  4.2422532e-06            1.6412281e-05  4.0075535e-06
1.6855127e-05  4.2430361e-06            1.6498209e-05  3.9992163e-06
1.6942914e-05  4.2432207e-06            1.6584138e-05  4.0010732e-06
1.7030701e-05  4.2440549e-06            1.6670066e-05  4.0109838e-06
1.7118488e-05  4.2437095e-06            1.6755994e-05  4.02079e-06
1.7206275e-05  4.2460906e-06            1.6841922e-05  4.0041045e-06
1.7294062e-05  4.2461234e-06            1.692785e-05  4.0050547e-06
1.738185e-05  4.2468028e-06            1.7013778e-05  4.0242161e-06
1.7469637e-05  4.2481144e-06            1.7099707e-05  4.0100689e-06
1.7557424e-05  4.249288e-06            1.7185635e-05  4.002109e-06
1.7645211e-05  4.2507346e-06            1.7271563e-05  4.0067005e-06
1.7732998e-05  4.248601e-06            1.7357491e-05  3.9957651e-06
1.7820785e-05  4.2508727e-06            1.7443419e-05  3.9923351e-06
1.7908572e-05  4.2515534e-06            1.7529347e-05  4.0112391e-06
1.7996359e-05  4.2520676e-06            1.7615276e-05  4.093694e-06
1.8084146e-05  4.2533298e-06            1.7701204e-05  4.1151338e-06
1.8171934e-05  4.2525445e-06            1.7787132e-05  4.107969e-06
1.8259721e-05  4.2521012e-06            1.787306e-05  4.0835161e-06
1.8347508e-05  4.2532161e-06            1.7958988e-05  4.0911472e-06
1.8435295e-05  4.2532338e-06            1.8044917e-05  4.0973227e-06
1.8523082e-05  4.2544565e-06            1.8130845e-05  4.1106908e-06
1.8610869e-05  4.2541217e-06            1.8216773e-05  4.0970079e-06
1.8698656e-05  4.2549812e-06            1.8302701e-05  4.1020274e-06
1.8786443e-05  4.2567064e-06            1.8388629e-05  4.088741e-06
1.8874231e-05  4.2537447e-06            1.8474557e-05  4.0866457e-06
1.8962018e-05  4.2422259e-06            1.8560486e-05  4.0812026e-06
1.9049805e-05  4.2221821e-06            1.8646414e-05  4.0772686e-06
1.9137592e-05  4.1800531e-06            1.8732342e-05  4.0724888e-06
1.9225379e-05  4.1641562e-06            1.881827e-05  4.0698992e-06
1.9313166e-05  4.1657822e-06            1.8904198e-05  4.0718138e-06
1.9400953e-05  4.1663159e-06            1.8990126e-05  4.07539e-06
1.948874e-05  4.1674871e-06            1.9076055e-05  4.0755517e-06
