#Profile 1             Profile 2
#x       y           x       y
#[]     []         []     []
0  4.1032796e-06            0  4.1309777e-06
7.9737258e-08  4.1036135e-06            7.9932793e-08  4.1321747e-06
1.5947452e-07  4.1049836e-06            1.5986559e-07  4.1314964e-06
2.3921177e-07  4.1049433e-06            2.3979838e-07  4.1346212e-06
3.1894903e-07  4.1053344e-06            3.1973117e-07  4.1429031e-06
3.9868629e-07  4.1057065e-06            3.9966397e-07  4.1489102e-06
4.7842355e-07  4.1053455e-06            4.7959676e-07  4.1503269e-06
5.581608e-07  4.1052516e-06            5.5952955e-07  4.148608e-06
6.3789806e-07  4.1069258e-06            6.3946235e-07  4.1440885e-06
7.1763532e-07  4.1080228e-06            7.1939514e-07  4.1357677e-06
7.9737258e-07  4.1082872e-06            7.9932793e-07  4.1342298e-06
8.7710983e-07  4.1087496e-06            8.7926072e-07  4.1345802e-06
9.5684709e-07  4.1095527e-06            9.5919352e-07  4.1395535e-06
1.0365843e-06  4.1104485e-06            1.0391263e-06  4.1482903e-06
1.1163216e-06  4.1113533e-06            1.1190591e-06  4.1547152e-06
1.1960589e-06  4.1114013e-06            1.1989919e-06  4.1545423e-06
1.2757961e-06  4.1114903e-06            1.2789247e-06  4.1534328e-06
1.3555334e-06  4.1125544e-06            1.3588575e-06  4.1498607e-06
1.4352706e-06  4.1133117e-06            1.4387903e-06  4.1481046e-06
1.5150079e-06  4.1138475e-06            1.5187231e-06  4.1487783e-06
1.5947452e-06  4.1146847e-06            1.5986559e-06  4.1470146e-06
1.6744824e-06  4.1164791e-06            1.6785887e-06  4.1389201e-06
1.7542197e-06  4.1165485e-06            1.7585214e-06  4.1314764e-06
1.8339569e-06  4.1168127e-06            1.8384542e-06  4.0958993e-06
1.9136942e-06  4.1181783e-06            1.918387e-06  4.0146669e-06
1.9934314e-06  4.1175336e-06            1.9983198e-06  4.0445135e-06
2.0731687e-06  4.1171789e-06            2.0782526e-06  4.0603374e-06
2.152906e-06  4.1166022e-06            2.1581854e-06  4.0571809e-06
2.2326432e-06  4.0961296e-06            2.2381182e-06  4.0544152e-06
2.3123805e-06  4.0469853e-06            2.318051e-06  4.0528431e-06
2.3921177e-06  4.0240387e-06            2.3979838e-06  4.0522241e-06
2.471855e-06  4.0216327e-06            2.4779166e-06  4.0548094e-06
2.5515922e-06  4.0227974e-06            2.5578494e-06  4.0541281e-06
2.6313295e-06  4.0236949e-06            2.6377822e-06  4.0574833e-06
2.7110668e-06  4.0251747e-06            2.717715e-06  4.0600159e-06
2.790804e-06  4.0258701e-06            2.7976478e-06  4.059571e-06
2.8705413e-06  4.0270958e-06            2.8775806e-06  4.0576112e-06
2.9502785e-06  4.0278873e-06            2.9575133e-06  4.0544606e-06
3.0300158e-06  4.0292595e-06            3.0374461e-06  4.0528912e-06
3.109753e-06  4.029853e-06            3.1173789e-06  4.0545201e-06
3.1894903e-06  4.0305758e-06            3.1973117e-06  4.0584167e-06
3.2692276e-06  4.0312665e-06            3.2772445e-06  4.067935e-06
3.3489648e-06  4.0323401e-06            3.3571773e-06  4.0756953e-06
3.4287021e-06  4.0332791e-06            3.4371101e-06  4.0705884e-06
3.5084393e-06  4.0331316e-06            3.5170429e-06  4.0619076e-06
3.5881766e-06  4.0338034e-06            3.5969757e-06  4.0595102e-06
3.6679138e-06  4.0347248e-06            3.6769085e-06  4.0577048e-06
3.7476511e-06  4.0357701e-06            3.7568413e-06  4.0541259e-06
3.8273884e-06  4.0363136e-06            3.8367741e-06  4.0542799e-06
3.9071256e-06  4.0375598e-06            3.9167069e-06  4.055827e-06
3.9868629e-06  4.0376408e-06            3.9966397e-06  4.0573678e-06
4.0666001e-06  4.0381946e-06            4.0765725e-06  4.0597209e-06
4.1463374e-06  4.0397587e-06            4.1565052e-06  4.0696495e-06
4.2260746e-06  4.0407067e-06            4.236438e-06  4.0776576e-06
4.3058119e-06  4.041488e-06            4.3163708e-06  4.0711419e-06
4.3855492e-06  4.0417798e-06            4.3963036e-06  4.0564791e-06
4.4652864e-06  4.041924e-06            4.4762364e-06  4.0526022e-06
4.5450237e-06  4.0425429e-06            4.5561692e-06  4.0643623e-06
4.6247609e-06  4.0438654e-06            4.636102e-06  4.0693232e-06
4.7044982e-06  4.0444873e-06            4.7160348e-06  4.0677285e-06
4.7842355e-06  4.0443648e-06            4.7959676e-06  4.0604302e-06
4.8639727e-06  4.044784e-06            4.8759004e-06  4.0596976e-06
4.94371e-06  4.0465738e-06            4.9558332e-06  4.0621061e-06
5.0234472e-06  4.0465204e-06            5.035766e-06  4.0646455e-06
5.1031845e-06  4.0469605e-06            5.1156988e-06  4.0688478e-06
5.1829217e-06  4.047925e-06            5.1956316e-06  4.0699936e-06
5.262659e-06  4.0477094e-06            5.2755643e-06  4.0691656e-06
5.3423963e-06  4.0490877e-06            5.3554971e-06  4.0709282e-06
5.4221335e-06  4.0510117e-06            5.4354299e-06  4.0797184e-06
5.5018708e-06  4.0516267e-06            5.5153627e-06  4.1235524e-06
5.581608e-06  4.0517782e-06            5.5952955e-06  4.2167082e-06
5.6613453e-06  4.0523495e-06            5.6752283e-06  4.2103773e-06
5.7410825e-06  4.052771e-06            5.7551611e-06  4.1556919e-06
5.8208198e-06  4.0561978e-06            5.8350939e-06  4.1623312e-06
5.9005571e-06  4.0869846e-06            5.9150267e-06  4.1567379e-06
5.9802943e-06  4.1335311e-06            5.9949595e-06  4.1563612e-06
6.0600316e-06  4.1525189e-06            6.0748923e-06  4.1551865e-06
6.1397688e-06  4.1568204e-06            6.1548251e-06  4.1563406e-06
6.2195061e-06  4.1583825e-06            6.2347579e-06  4.1575137e-06
6.2992433e-06  4.1590011e-06            6.3146907e-06  4.1622894e-06
6.3789806e-06  4.1590492e-06            6.3946235e-06  4.1634329e-06
6.4587179e-06  4.159659e-06            6.4745562e-06  4.1633827e-06
6.5384551e-06  4.159937e-06            6.554489e-06  4.1605413e-06
6.6181924e-06  4.1601209e-06            6.6344218e-06  4.1596322e-06
6.6979296e-06  4.1606569e-06            6.7143546e-06  4.1588723e-06
6.7776669e-06  4.1604843e-06            6.7942874e-06  4.1587765e-06
6.8574041e-06  4.1609027e-06            6.8742202e-06  4.1595502e-06
6.9371414e-06  4.1617933e-06            6.954153e-06  4.161086e-06
7.0168787e-06  4.162811e-06            7.0340858e-06  4.1618357e-06
7.0966159e-06  4.1643443e-06            7.1140186e-06  4.1600335e-06
7.1763532e-06  4.1650314e-06            7.1939514e-06  4.1608967e-06
7.2560904e-06  4.1651746e-06            7.2738842e-06  4.1599607e-06
7.3358277e-06  4.166922e-06            7.353817e-06  4.1596585e-06
7.415565e-06  4.167848e-06            7.4337498e-06  4.160069e-06
7.4953022e-06  4.167271e-06            7.5136826e-06  4.1612651e-06
7.5750395e-06  4.1673949e-06            7.5936153e-06  4.164256e-06
7.6547767e-06  4.1689423e-06            7.6735481e-06  4.1670904e-06
7.734514e-06  4.1686081e-06            7.7534809e-06  4.1622025e-06
7.8142512e-06  4.1693715e-06            7.8334137e-06  4.1673269e-06
7.8939885e-06  4.1710694e-06            7.9133465e-06  4.1787255e-06
7.9737258e-06  4.1715891e-06            7.9932793e-06  4.1818718e-06
8.053463e-06  4.1722923e-06            8.0732121e-06  4.17506e-06
8.1332003e-06  4.1731847e-06            8.1531449e-06  4.1762534e-06
8.2129375e-06  4.1731685e-06            8.2330777e-06  4.1775099e-06
8.2926748e-06  4.1735784e-06            8.3130105e-06  4.1816801e-06
8.372412e-06  4.1743233e-06            8.3929433e-06  4.1803844e-06
8.4521493e-06  4.1748002e-06            8.4728761e-06  4.1780256e-06
8.5318866e-06  4.1757476e-06            8.5528089e-06  4.1784033e-06
8.6116238e-06  4.1770638e-06            8.6327417e-06  4.1773096e-06
8.6913611e-06  4.1769169e-06            8.7126745e-06  4.1790438e-06
8.7710983e-06  4.1779977e-06            8.7926072e-06  4.1763088e-06
8.8508356e-06  4.1794505e-06            8.87254e-06  4.1759998e-06
8.9305728e-06  4.1804145e-06            8.9524728e-06  4.1784375e-06
9.0103101e-06  4.1806719e-06            9.0324056e-06  4.1789004e-06
9.0900474e-06  4.1802302e-06            9.1123384e-06  4.1770233e-06
9.1697846e-06  4.1812782e-06            9.1922712e-06  4.172175e-06
9.2495219e-06  4.1818407e-06            9.272204e-06  4.1731762e-06
9.3292591e-06  4.1832927e-06            9.3521368e-06  4.174919e-06
9.4089964e-06  4.1843044e-06            9.4320696e-06  4.1787374e-06
9.4887336e-06  4.1846697e-06            9.5120024e-06  4.1811904e-06
9.5684709e-06  4.1842327e-06            9.5919352e-06  4.1805004e-06
9.6482082e-06  4.1844364e-06            9.671868e-06  4.1800676e-06
9.7279454e-06  4.1866997e-06            9.7518008e-06  4.1794391e-06
9.8076827e-06  4.1877958e-06            9.8317336e-06  4.1755219e-06
9.8874199e-06  4.1864448e-06            9.9116664e-06  4.1733903e-06
9.9671572e-06  4.1881384e-06            9.9915991e-06  4.1747314e-06
1.0046894e-05  4.1891153e-06            1.0071532e-05  4.1737081e-06
1.0126632e-05  4.1888715e-06            1.0151465e-05  4.1798859e-06
1.0206369e-05  4.1907256e-06            1.0231398e-05  4.1849955e-06
1.0286106e-05  4.1914963e-06            1.031133e-05  4.1880478e-06
1.0365843e-05  4.1914831e-06            1.0391263e-05  4.1868287e-06
1.0445581e-05  4.1917783e-06            1.0471196e-05  4.1864269e-06
1.0525318e-05  4.1927529e-06            1.0551129e-05  4.1873215e-06
1.0605055e-05  4.1931249e-06            1.0631061e-05  4.1900284e-06
1.0684793e-05  4.1941037e-06            1.0710994e-05  4.1924287e-06
1.076453e-05  4.194864e-06            1.0790927e-05  4.1949618e-06
1.0844267e-05  4.1959567e-06            1.087086e-05  4.1905776e-06
1.0924004e-05  4.1966193e-06            1.0950793e-05  4.1876223e-06
1.1003742e-05  4.1973404e-06            1.1030725e-05  4.1923774e-06
1.1083479e-05  4.1976934e-06            1.1110658e-05  4.1953772e-06
1.1163216e-05  4.1980132e-06            1.1190591e-05  4.2002097e-06
1.1242953e-05  4.1983404e-06            1.1270524e-05  4.2036426e-06
1.1322691e-05  4.1989223e-06            1.1350457e-05  4.196712e-06
1.1402428e-05  4.1993672e-06            1.1430389e-05  4.1893144e-06
1.1482165e-05  4.199561e-06            1.1510322e-05  4.1901851e-06
1.1561902e-05  4.2000685e-06            1.1590255e-05  4.1913989e-06
1.164164e-05  4.1999546e-06            1.1670188e-05  4.1858179e-06
1.1721377e-05  4.1919475e-06            1.1750121e-05  4.1805417e-06
1.1801114e-05  4.1482842e-06            1.1830053e-05  4.1669925e-06
1.1880851e-05  4.1126863e-06            1.1909986e-05  4.0811399e-06
1.1960589e-05  4.1029969e-06            1.1989919e-05  4.0673866e-06
1.2040326e-05  4.1029316e-06            1.2069852e-05  4.0956025e-06
1.2120063e-05  4.1043852e-06            1.2149785e-05  4.0966734e-06
1.21998e-05  4.1058654e-06            1.2229717e-05  4.0920972e-06
1.2279538e-05  4.1070109e-06            1.230965e-05  4.093759e-06
1.2359275e-05  4.1077126e-06            1.2389583e-05  4.1048029e-06
1.2439012e-05  4.10799e-06            1.2469516e-05  4.1050679e-06
1.2518749e-05  4.1082515e-06            1.2549449e-05  4.1021555e-06
1.2598487e-05  4.1097392e-06            1.2629381e-05  4.0983346e-06
1.2678224e-05  4.1105997e-06            1.2709314e-05  4.099959e-06
1.2757961e-05  4.1117117e-06            1.2789247e-05  4.1009837e-06
1.2837698e-05  4.1123178e-06            1.286918e-05  4.1016152e-06
1.2917436e-05  4.1133692e-06            1.2949112e-05  4.0999296e-06
1.2997173e-05  4.1145427e-06            1.3029045e-05  4.1014723e-06
1.307691e-05  4.1137473e-06            1.3108978e-05  4.0999221e-06
1.3156647e-05  4.1153822e-06            1.3188911e-05  4.0991646e-06
1.3236385e-05  4.1163107e-06            1.3268844e-05  4.1006299e-06
1.3316122e-05  4.116037e-06            1.3348776e-05  4.1014841e-06
1.3395859e-05  4.1167476e-06            1.3428709e-05  4.1023131e-06
1.3475597e-05  4.1175984e-06            1.3508642e-05  4.1020287e-06
1.3555334e-05  4.1180267e-06            1.3588575e-05  4.1027038e-06
1.3635071e-05  4.1186626e-06            1.3668508e-05  4.1047266e-06
1.3714808e-05  4.1198082e-06            1.374844e-05  4.1078782e-06
1.3794546e-05  4.1208734e-06            1.3828373e-05  4.1089843e-06
1.3874283e-05  4.1213079e-06            1.3908306e-05  4.1084436e-06
1.395402e-05  4.1217799e-06            1.3988239e-05  4.1095293e-06
1.4033757e-05  4.1224761e-06            1.4068172e-05  4.1082479e-06
1.4113495e-05  4.1225823e-06            1.4148104e-05  4.1089907e-06
1.4193232e-05  4.1224411e-06            1.4228037e-05  4.11141e-06
1.4272969e-05  4.1245515e-06            1.430797e-05  4.1124289e-06
1.4352706e-05  4.125576e-06            1.4387903e-05  4.1126028e-06
1.4432444e-05  4.1261315e-06            1.4467836e-05  4.1104519e-06
1.4512181e-05  4.1267456e-06            1.4547768e-05  4.109645e-06
1.4591918e-05  4.1270039e-06            1.4627701e-05  4.109108e-06
1.4671655e-05  4.1267217e-06            1.4707634e-05  4.109658e-06
1.4751393e-05  4.1271833e-06            1.4787567e-05  4.1099803e-06
1.483113e-05  4.1272928e-06            1.48675e-05  4.1096432e-06
1.4910867e-05  4.1286071e-06            1.4947432e-05  4.1106439e-06
1.4990604e-05  4.1283698e-06            1.5027365e-05  4.117929e-06
1.5070342e-05  4.1285401e-06            1.5107298e-05  4.1197035e-06
1.5150079e-05  4.1295035e-06            1.5187231e-05  4.1197964e-06
1.5229816e-05  4.1308788e-06            1.5267163e-05  4.1176746e-06
1.5309553e-05  4.130315e-06            1.5347096e-05  4.1184729e-06
1.5389291e-05  4.1311737e-06            1.5427029e-05  4.1184122e-06
1.5469028e-05  4.1316891e-06            1.5506962e-05  4.1283446e-06
1.5548765e-05  4.1369796e-06            1.5586895e-05  4.2345533e-06
1.5628502e-05  4.171348e-06            1.5666827e-05  4.2766477e-06
1.570824e-05  4.2157472e-06            1.574676e-05  4.2258293e-06
1.5787977e-05  4.2321149e-06            1.5826693e-05  4.2289966e-06
1.5867714e-05  4.2350937e-06            1.5906626e-05  4.2287333e-06
1.5947452e-05  4.2345243e-06            1.5986559e-05  4.2348786e-06
1.6027189e-05  4.2340121e-06            1.6066491e-05  4.2352321e-06
1.6106926e-05  4.2340982e-06            1.6146424e-05  4.2320922e-06
1.6186663e-05  4.2352095e-06            1.6226357e-05  4.2281239e-06
1.6266401e-05  4.2355036e-06            1.630629e-05  4.2287599e-06
1.6346138e-05  4.235785e-06            1.6386223e-05  4.2287929e-06
1.6425875e-05  4.2363333e-06            1.6466155e-05  4.2310394e-06
1.6505612e-05  4.2361134e-06            1.6546088e-05  4.2317516e-06
1.658535e-05  4.2373721e-06            1.6626021e-05  4.2341902e-06
1.6665087e-05  4.2378231e-06            1.6705954e-05  4.2375519e-06
1.6744824e-05  4.2379631e-06            1.6785887e-05  4.238467e-06
1.6824561e-05  4.2382295e-06            1.6865819e-05  4.2326254e-06
1.6904299e-05  4.2381931e-06            1.6945752e-05  4.2247588e-06
1.6984036e-05  4.2386823e-06            1.7025685e-05  4.2226342e-06
1.7063773e-05  4.2399552e-06            1.7105618e-05  4.2249336e-06
1.714351e-05  4.2397762e-06            1.7185551e-05  4.2278868e-06
1.7223248e-05  4.239249e-06            1.7265483e-05  4.2281534e-06
1.7302985e-05  4.2402879e-06            1.7345416e-05  4.2261638e-06
1.7382722e-05  4.240948e-06            1.7425349e-05  4.2254393e-06
1.7462459e-05  4.2419825e-06            1.7505282e-05  4.2288943e-06
1.7542197e-05  4.2419076e-06            1.7585214e-05  4.2290336e-06
1.7621934e-05  4.2427827e-06            1.7665147e-05  4.2273369e-06
1.7701671e-05  4.2434425e-06            1.774508e-05  4.2261056e-06
1.7781408e-05  4.2436526e-06            1.7825013e-05  4.2263973e-06
1.7861146e-05  4.2436063e-06            1.7904946e-05  4.228209e-06
1.7940883e-05  4.2445645e-06            1.7984878e-05  4.2298847e-06
1.802062e-05  4.2450623e-06            1.8064811e-05  4.2315782e-06
1.8100357e-05  4.2449708e-06            1.8144744e-05  4.239416e-06
1.8180095e-05  4.2467564e-06            1.8224677e-05  4.2506439e-06
1.8259832e-05  4.2474439e-06            1.830461e-05  4.2582791e-06
1.8339569e-05  4.2471163e-06            1.8384542e-05  4.254819e-06
1.8419306e-05  4.2479937e-06            1.8464475e-05  4.2468818e-06
-          -              1.8544408e-05  4.2390347e-06
-          -              1.8624341e-05  4.2328717e-06
-          -              1.8704274e-05  4.2355093e-06
-          -              1.8784206e-05  4.2386147e-06
-          -              1.8864139e-05  4.2390007e-06
-          -              1.8944072e-05  4.2369806e-06
-          -              1.9024005e-05  4.2363065e-06
