#Profile 1
#x       y
#[]     []
0  4.8282715e-06            
8.7009217e-08  4.8230616e-06
1.7401843e-07  4.8189919e-06
2.6102765e-07  4.8165214e-06
3.4803687e-07  4.812614e-06
4.3504609e-07  4.8036171e-06
5.220553e-07  4.7970007e-06
6.0906452e-07  4.7961913e-06
6.9607374e-07  4.791082e-06
7.8308295e-07  4.7833662e-06
8.7009217e-07  4.7753823e-06
9.5710139e-07  4.7715325e-06
1.0441106e-06  4.7682663e-06
1.1311198e-06  4.7632101e-06
1.218129e-06  4.7581713e-06
1.3051383e-06  4.75589e-06
1.3921475e-06  4.7499814e-06
1.4791567e-06  4.7409738e-06
1.5661659e-06  4.7094707e-06
1.6531751e-06  4.6994202e-06
1.7401843e-06  4.6635697e-06
1.8271936e-06  4.6537968e-06
1.9142028e-06  4.6329632e-06
2.001212e-06  4.6403053e-06
2.0882212e-06  4.6403346e-06
2.1752304e-06  4.63835e-06
2.2622396e-06  4.6348163e-06
2.3492489e-06  4.6330058e-06
2.4362581e-06  4.6319139e-06
2.5232673e-06  4.6298006e-06
2.6102765e-06  4.6283714e-06
2.6972857e-06  4.6278123e-06
2.784295e-06  4.6271167e-06
2.8713042e-06  4.626525e-06
2.9583134e-06  4.6253046e-06
3.0453226e-06  4.6247355e-06
3.1323318e-06  4.6236195e-06
3.219341e-06  4.6281336e-06
3.3063503e-06  4.6485962e-06
3.3933595e-06  4.6803545e-06
3.4803687e-06  4.7030556e-06
3.5673779e-06  4.7226307e-06
3.6543871e-06  4.7294051e-06
3.7413963e-06  4.7189454e-06
3.8284056e-06  4.7153472e-06
3.9154148e-06  4.7140339e-06
4.002424e-06  4.712263e-06
4.0894332e-06  4.7097369e-06
4.1764424e-06  4.7085127e-06
4.2634516e-06  4.7081512e-06
4.3504609e-06  4.7071232e-06
4.4374701e-06  4.7049035e-06
4.5244793e-06  4.7023852e-06
4.6114885e-06  4.7004126e-06
4.6984977e-06  4.6996283e-06
4.7855069e-06  4.6984681e-06
4.8725162e-06  4.6970353e-06
4.9595254e-06  4.6937822e-06
5.0465346e-06  4.69083e-06
5.1335438e-06  4.688509e-06
5.220553e-06  4.6867313e-06
5.3075622e-06  4.6850803e-06
5.3945715e-06  4.6823525e-06
5.4815807e-06  4.6799595e-06
5.5685899e-06  4.6778805e-06
5.6555991e-06  4.6755022e-06
5.7426083e-06  4.6726856e-06
5.8296176e-06  4.6703542e-06
5.9166268e-06  4.6717569e-06
6.003636e-06  4.6715995e-06
6.0906452e-06  4.6703311e-06
6.1776544e-06  4.6676809e-06
6.2646636e-06  4.6658861e-06
6.3516729e-06  4.6632539e-06
6.4386821e-06  4.6622598e-06
6.5256913e-06  4.6564747e-06
6.6127005e-06  4.6424086e-06
6.6997097e-06  4.6023729e-06
6.7867189e-06  4.5908182e-06
6.8737282e-06  4.5604929e-06
6.9607374e-06  4.5572572e-06
7.0477466e-06  4.5555159e-06
7.1347558e-06  4.5545611e-06
7.221765e-06  4.5535241e-06
7.3087742e-06  4.5556949e-06
7.3957835e-06  4.5573076e-06
7.4827927e-06  4.5573564e-06
7.5698019e-06  4.5592962e-06
7.6568111e-06  4.5574455e-06
7.7438203e-06  4.5559546e-06
7.8308295e-06  4.5554684e-06
7.9178388e-06  4.5553422e-06
8.004848e-06  4.5549326e-06
8.0918572e-06  4.5544922e-06
8.1788664e-06  4.5580455e-06
8.2658756e-06  4.5904972e-06
8.3528849e-06  4.6150436e-06
8.4398941e-06  4.6312888e-06
8.5269033e-06  4.6567665e-06
8.6139125e-06  4.6600111e-06
8.7009217e-06  4.6597325e-06
8.7879309e-06  4.6508196e-06
8.8749402e-06  4.65035e-06
8.9619494e-06  4.6476138e-06
9.0489586e-06  4.6456985e-06
9.1359678e-06  4.6455993e-06
9.222977e-06  4.6443581e-06
9.3099862e-06  4.6434674e-06
9.3969955e-06  4.6424975e-06
9.4840047e-06  4.6409258e-06
9.5710139e-06  4.6375553e-06
9.6580231e-06  4.6353997e-06
9.7450323e-06  4.6349749e-06
9.8320415e-06  4.6357872e-06
9.9190508e-06  4.6365361e-06
1.000606e-05  4.6358098e-06
1.0093069e-05  4.6338864e-06
1.0180078e-05  4.6316e-06
1.0267088e-05  4.6297858e-06
1.0354097e-05  4.6301706e-06
1.0441106e-05  4.6305574e-06
1.0528115e-05  4.6296193e-06
1.0615124e-05  4.6305754e-06
1.0702134e-05  4.6304617e-06
1.0789143e-05  4.628087e-06
1.0876152e-05  4.6234195e-06
1.0963161e-05  4.6202382e-06
1.1050171e-05  4.6204839e-06
1.113718e-05  4.62025e-06
1.1224189e-05  4.6199641e-06
1.1311198e-05  4.6215339e-06
1.1398207e-05  4.6225394e-06
1.1485217e-05  4.6226913e-06
1.1572226e-05  4.6174433e-06
1.1659235e-05  4.5923824e-06
1.1746244e-05  4.578982e-06
1.1833254e-05  4.5501334e-06
1.1920263e-05  4.5351716e-06
1.2007272e-05  4.5228554e-06
1.2094281e-05  4.5307009e-06
1.218129e-05  4.5319748e-06
1.22683e-05  4.5296379e-06
1.2355309e-05  4.5279511e-06
1.2442318e-05  4.526563e-06
1.2529327e-05  4.5257562e-06
1.2616336e-05  4.5235867e-06
1.2703346e-05  4.5228631e-06
1.2790355e-05  4.5213792e-06
1.2877364e-05  4.5222916e-06
1.2964373e-05  4.5240184e-06
1.3051383e-05  4.5256549e-06
1.3138392e-05  4.5279386e-06
1.3225401e-05  4.5337441e-06
1.331241e-05  4.548114e-06
1.3399419e-05  4.5763209e-06
1.3486429e-05  4.598494e-06
1.3573438e-05  4.6217388e-06
1.3660447e-05  4.638653e-06
1.3747456e-05  4.6297302e-06
1.3834466e-05  4.62152e-06
1.3921475e-05  4.6183076e-06
1.4008484e-05  4.6176233e-06
1.4095493e-05  4.6181898e-06
1.4182502e-05  4.6180892e-06
1.4269512e-05  4.6158244e-06
1.4356521e-05  4.6156754e-06
1.444353e-05  4.6144673e-06
1.4530539e-05  4.6150954e-06
1.4617548e-05  4.6159672e-06
1.4704558e-05  4.6135939e-06
1.4791567e-05  4.6114171e-06
1.4878576e-05  4.6111086e-06
1.4965585e-05  4.6100964e-06
1.5052595e-05  4.6071957e-06
1.5139604e-05  4.6059779e-06
1.5226613e-05  4.6068553e-06
1.5313622e-05  4.6054569e-06
1.5400631e-05  4.6007554e-06
1.5487641e-05  4.5978055e-06
1.557465e-05  4.5988112e-06
1.5661659e-05  4.6013328e-06
1.5748668e-05  4.6019461e-06
1.5835678e-05  4.5991725e-06
1.5922687e-05  4.5960517e-06
1.6009696e-05  4.5940589e-06
1.6096705e-05  4.592898e-06
1.6183714e-05  4.5882402e-06
1.6270724e-05  4.5848486e-06
1.6357733e-05  4.5841954e-06
1.6444742e-05  4.5835504e-06
1.6531751e-05  4.5820644e-06
1.661876e-05  4.5800484e-06
1.670577e-05  4.5668393e-06
1.6792779e-05  4.5418253e-06
1.6879788e-05  4.5188304e-06
1.6966797e-05  4.5010258e-06
1.7053807e-05  4.4800423e-06
1.7140816e-05  4.4766423e-06
1.7227825e-05  4.4789059e-06
1.7314834e-05  4.4744165e-06
1.7401843e-05  4.4696541e-06
1.7488853e-05  4.468088e-06
1.7575862e-05  4.4663102e-06
1.7662871e-05  4.463415e-06
1.774988e-05  4.4634849e-06
1.783689e-05  4.4670439e-06
1.7923899e-05  4.4675987e-06
1.8010908e-05  4.4687987e-06
1.8097917e-05  4.4689957e-06
1.8184926e-05  4.4708182e-06
1.8271936e-05  4.4915304e-06
1.8358945e-05  4.5018213e-06
1.8445954e-05  4.5500488e-06
1.8532963e-05  4.5507439e-06
1.8619972e-05  4.5906287e-06
1.8706982e-05  4.5788804e-06
1.8793991e-05  4.5806079e-06
1.8881e-05  4.5743917e-06
1.8968009e-05  4.5744836e-06
1.9055019e-05  4.5719554e-06
1.9142028e-05  4.5680786e-06
1.9229037e-05  4.5669164e-06
1.9316046e-05  4.5704418e-06
