#Profile 1
#x       y
#[m]     [m]
0  6.9803922e-07
3.9926205e-08  6.9451935e-07
7.9852409e-08  6.8627451e-07
1.1977861e-07  6.8519081e-07
1.5970482e-07  6.8235294e-07
1.9963102e-07  6.793706e-07
2.3955723e-07  6.7058824e-07
2.7948343e-07  6.7058824e-07
3.1940964e-07  6.7057537e-07
3.5933584e-07  6.6933457e-07
3.9926205e-07  6.6666667e-07
4.3918825e-07  6.6769457e-07
4.7911446e-07  6.7276489e-07
5.1904066e-07  6.6905064e-07
5.5896686e-07  6.4705882e-07            
5.9889307e-07  6.4651264e-07
6.3881927e-07  6.4313725e-07
6.7874548e-07  6.4222406e-07
7.1867168e-07  6.3529412e-07
7.5859789e-07  6.3529412e-07
7.9852409e-07  6.3529412e-07
8.384503e-07  6.3473927e-07
8.783765e-07  6.2745098e-07
9.1830271e-07  6.2696995e-07
9.5822891e-07  6.1176471e-07
9.9815512e-07  6.1199542e-07
1.0380813e-06  6.2151459e-07
1.0780075e-06  6.2203606e-07
1.1179337e-06  6.1278884e-07
1.1578599e-06  6.1215669e-07
1.1977861e-06  6.04173e-07
1.2377123e-06  6.0392157e-07
1.2776385e-06  6.113341e-07
1.3175648e-06  6.1176471e-07
1.357491e-06  5.9729799e-07
1.3974172e-06  5.9607843e-07
1.4373434e-06  5.9607843e-07
1.4772696e-06  5.9607843e-07
1.5171958e-06  5.9312738e-07
1.557122e-06  5.9325277e-07
1.5970482e-06  5.8904838e-07
1.6369744e-06  5.8823529e-07
1.6769006e-06  5.8823529e-07
1.7168268e-06  5.8823529e-07
1.756753e-06  5.8516427e-07
1.7966792e-06  5.8431373e-07
1.8366054e-06  5.9047204e-07
1.8765316e-06  5.9215686e-07
1.9164578e-06  5.9215686e-07
1.956384e-06  5.9215686e-07
1.9963102e-06  5.8925688e-07
2.0362364e-06  5.8823529e-07
2.0761626e-06  5.7968058e-07
2.1160888e-06  5.7564459e-07
2.156015e-06  5.7522802e-07
2.1959413e-06  5.763648e-07
2.2358675e-06  5.7580362e-07
2.2757937e-06  5.755388e-07
2.3157199e-06  5.6641981e-07
2.3556461e-06  5.6078431e-07
2.3955723e-06  4.5779809e-07
2.4354985e-06  3.9607843e-07
2.4754247e-06  4.2442803e-07
2.5153509e-06  4.4313725e-07
2.5552771e-06  4.4086438e-07
2.5952033e-06  4.3921569e-07
2.6351295e-06  4.3922412e-07
2.6750557e-06  4.3977179e-07
2.7149819e-06  4.3972702e-07
2.7549081e-06  4.3921569e-07
2.7948343e-06  4.3921569e-07
2.8347605e-06  4.3921569e-07
2.8746867e-06  4.357092e-07
2.9146129e-06  4.3149235e-07
2.9545391e-06  4.3137255e-07
2.9944653e-06  4.3137255e-07
3.0343916e-06  4.3484327e-07
3.0743178e-06  4.3921569e-07
3.114244e-06  4.3921569e-07
3.1541702e-06  4.3921569e-07
3.1940964e-06  4.3610331e-07
3.2340226e-06  4.3165875e-07
3.2739488e-06  4.3451422e-07
3.313875e-06  4.378476e-07
3.3538012e-06  4.358933e-07
3.3937274e-06  4.3382253e-07
3.4336536e-06  4.3338157e-07
3.4735798e-06  4.3137255e-07
3.513506e-06  4.3257039e-07
3.5534322e-06  4.3529412e-07
3.5933584e-06  4.3418586e-07
3.6332846e-06  4.3137255e-07
3.6732108e-06  4.3035388e-07
3.713137e-06  4.2745098e-07
3.7530632e-06  4.265219e-07
3.7929894e-06  4.2354571e-07
3.8329156e-06  4.2324716e-07
3.8728418e-06  4.2070603e-07
3.9127681e-06  4.2081051e-07
3.9526943e-06  4.2004643e-07
3.9926205e-06  4.2153262e-07
4.0325467e-06  4.2352941e-07
4.0724729e-06  4.3196956e-07
4.1123991e-06  4.8235294e-07
4.1523253e-06  4.9967428e-07
4.1922515e-06  6.2352941e-07
4.2321777e-06  6.1608974e-07
4.2721039e-06  5.4901961e-07
4.3120301e-06  5.4841566e-07
4.3519563e-06  5.4117647e-07
4.3918825e-06  5.4166064e-07
4.4318087e-06  5.4509804e-07
4.4717349e-06  5.4493819e-07
4.5116611e-06  5.4107525e-07
4.5515873e-06  5.4210317e-07
4.5915135e-06  5.3634581e-07
4.6314397e-06  5.3686635e-07
4.6713659e-06  5.4107531e-07
4.7112921e-06  5.4117647e-07
4.7512183e-06  5.2998402e-07
4.7911446e-06  5.2941176e-07
4.8310708e-06  5.2577053e-07
4.870997e-06  5.254902e-07
4.9109232e-06  5.254902e-07
4.9508494e-06  5.254902e-07
4.9907756e-06  5.2153518e-07
5.0307018e-06  5.204693e-07
5.070628e-06  5.1600462e-07
5.1105542e-06  5.1590671e-07
5.1504804e-06  5.1644766e-07
5.1904066e-06  5.169886e-07
5.2303328e-06  5.1752955e-07
5.270259e-06  5.1764706e-07
5.3101852e-06  5.1454335e-07
5.3501114e-06  5.1372549e-07
5.3900376e-06  5.0769724e-07
5.4299638e-06  5.0588235e-07
5.46989e-06  5.0880689e-07
5.5098162e-06  5.0980392e-07
5.5497424e-06  5.0413402e-07
5.5896686e-06  5.0196078e-07
5.6295949e-06  4.9097932e-07
5.6695211e-06  4.8627451e-07
5.7094473e-06  4.9225175e-07
5.7493735e-06  4.961825e-07
5.7892997e-06  4.9802493e-07
5.8292259e-06  4.9803922e-07
5.8691521e-06  5.0546903e-07
5.9090783e-06  5.0980392e-07
5.9490045e-06  4.9548181e-07
5.9889307e-06  4.8627451e-07
6.0288569e-06  4.9546424e-07
6.0687831e-06  5.0196078e-07
6.1087093e-06  4.9091921e-07
6.1486355e-06  4.8179342e-07
6.1885617e-06  4.8548899e-07
6.2284879e-06  4.8855466e-07
6.2684141e-06  4.8621429e-07
6.3083403e-06  4.8507625e-07
6.3482665e-06  4.9143445e-07
6.3881927e-06  4.9792284e-07
6.4281189e-06  4.9618972e-07
6.4680451e-06  4.9411765e-07
6.5079714e-06  4.8707799e-07
6.5478976e-06  4.7843137e-07
6.5878238e-06  4.801017e-07
6.62775e-06  4.8235294e-07
6.6676762e-06  4.807722e-07
6.7076024e-06  4.7814175e-07
6.7475286e-06  4.7642547e-07
6.7874548e-06  4.745098e-07
6.827381e-06  4.7799645e-07
6.8673072e-06  4.8480635e-07
6.9072334e-06  4.8241313e-07
6.9471596e-06  4.7765883e-07
6.9870858e-06  4.7720898e-07
7.027012e-06  4.745098e-07
7.0669382e-06  4.745098e-07
7.1068644e-06  4.745098e-07
7.1467906e-06  4.7555302e-07
7.1867168e-06  4.7843137e-07
7.226643e-06  4.7843137e-07
7.2665692e-06  4.7841165e-07
7.3064954e-06  4.7466158e-07
7.3464216e-06  4.6384671e-07
7.3863479e-06  4.4720351e-07
7.4262741e-06  3.7250533e-07
7.4662003e-06  3.6113409e-07
7.5061265e-06  3.352709e-07
7.5460527e-06  3.4146992e-07
7.5859789e-06  3.4901961e-07
7.6259051e-06  3.4851391e-07
7.6658313e-06  3.4509804e-07
7.7057575e-06  3.4509804e-07
7.7456837e-06  3.4509804e-07
7.7856099e-06  3.4509804e-07
7.8255361e-06  3.4509804e-07
7.8654623e-06  3.4489623e-07
7.9053885e-06  3.4283989e-07
7.9453147e-06  3.4387021e-07
7.9852409e-06  3.4309007e-07
8.0251671e-06  3.4367424e-07
8.0650933e-06  3.4602412e-07
8.1050195e-06  3.4548317e-07
8.1449457e-06  3.5278795e-07
8.1848719e-06  3.5294118e-07
8.2247982e-06  3.4543044e-07
8.2647244e-06  3.4509804e-07
8.3046506e-06  3.5242961e-07
8.3445768e-06  3.5294118e-07
8.384503e-06  3.4936498e-07
8.4244292e-06  3.4901961e-07
8.4643554e-06  3.4603249e-07
8.5042816e-06  3.4620079e-07
8.5442078e-06  3.4674174e-07
8.584134e-06  3.4728268e-07
8.6240602e-06  3.4221744e-07
8.6639864e-06  3.4117647e-07
8.7039126e-06  3.4751856e-07
8.7438388e-06  3.4901961e-07
8.783765e-06  3.4276308e-07
8.8236912e-06  3.4117647e-07
8.8636174e-06  3.3813779e-07
8.9035436e-06  3.372549e-07
8.9434698e-06  3.4020399e-07
8.983396e-06  3.4117647e-07
9.0233222e-06  3.3852982e-07
9.0632484e-06  3.3808776e-07
9.1031747e-06  4.2894216e-07
9.1431009e-06  4.756879e-07
9.1830271e-06  5.1799837e-07
9.2229533e-06  5.3333333e-07
9.2628795e-06  4.9162773e-07
9.3028057e-06  4.7058824e-07
9.3427319e-06  4.6308476e-07
9.3826581e-06  4.5882353e-07
9.4225843e-06  4.5882353e-07
9.4625105e-06  4.5882353e-07
9.5024367e-06  4.5882353e-07
9.5423629e-06  4.5882353e-07
9.5822891e-06  4.5434925e-07
9.6222153e-06  4.5098039e-07
9.6621415e-06  4.531232e-07
9.7020677e-06  4.5490196e-07
9.7419939e-06  4.5466635e-07
9.7819201e-06  4.5337006e-07
9.8218463e-06  4.5294213e-07
9.8617725e-06  4.5467607e-07
9.9016987e-06  4.5302791e-07
9.9416249e-06  4.5098039e-07
9.9815512e-06  4.5098039e-07
1.0021477e-05  4.5098039e-07
1.0061404e-05  4.4928551e-07
1.010133e-05  4.4705882e-07
1.0141256e-05  4.4224294e-07
1.0181182e-05  4.3558717e-07
1.0221108e-05  4.4912478e-07
1.0261035e-05  4.6921329e-07
1.0300961e-05  4.5865685e-07
1.0340887e-05  4.4167252e-07
1.0380813e-05  4.4386484e-07
1.0420739e-05  4.4705882e-07
1.0460666e-05  4.4581188e-07
1.0500592e-05  4.4313725e-07
1.0540518e-05  4.4313725e-07
1.0580444e-05  4.4313725e-07
1.062037e-05  4.4100171e-07
1.0660297e-05  4.3529412e-07
1.0700223e-05  4.3431593e-07
1.0740149e-05  4.3137255e-07
1.0780075e-05  4.3226115e-07
1.0820001e-05  4.3529412e-07
1.0859928e-05  4.3562948e-07
1.0899854e-05  4.3748105e-07
1.093978e-05  4.3802199e-07
1.0979706e-05  4.3856294e-07
1.1019632e-05  4.3910388e-07
1.1059559e-05  4.3921569e-07
1.1099485e-05  4.3974594e-07
1.1139411e-05  4.4313725e-07
1.1179337e-05  4.4269659e-07
1.1219263e-05  4.3921569e-07
1.125919e-05  4.3956677e-07
1.1299116e-05  4.4313725e-07
1.1339042e-05  4.4235931e-07
1.1378968e-05  4.3612925e-07
1.1418895e-05  4.3678179e-07
1.1458821e-05  4.3921569e-07
1.1498747e-05  4.3934961e-07
1.1538673e-05  4.4613617e-07
1.1578599e-05  4.4667712e-07
1.1618526e-05  4.3545029e-07
1.1658452e-05  4.3529412e-07
1.1698378e-05  4.4285396e-07
1.1738304e-05  4.4313725e-07
1.177823e-05  4.3944692e-07
1.1818157e-05  4.3921569e-07
1.1858083e-05  4.3921569e-07
1.1898009e-05  4.3921569e-07
1.1937935e-05  4.492431e-07
1.1977861e-05  4.4987421e-07
1.2017788e-05  4.4591169e-07
1.2057714e-05  4.4487075e-07
1.209764e-05  4.4230329e-07
1.2137566e-05  4.4248565e-07
1.2177492e-05  4.3339088e-07
1.2217419e-05  4.3137255e-07
1.2257345e-05  4.3767818e-07
1.2297271e-05  4.3921569e-07
1.2337197e-05  4.3308922e-07
1.2377123e-05  4.3137255e-07
1.241705e-05  4.1947797e-07
1.2456976e-05  4.1568627e-07
1.2496902e-05  3.1615164e-07
1.2536828e-05  2.7817155e-07
1.2576754e-05  2.9336476e-07
1.2616681e-05  3.0004261e-07
1.2656607e-05  3.02894e-07
1.2696533e-05  3.0496084e-07
1.2736459e-05  3.0314029e-07
1.2776385e-05  3.0196078e-07
1.2816312e-05  3.044865e-07
1.2856238e-05  3.0588235e-07
1.2896164e-05  3.107546e-07
1.293609e-05  3.1372549e-07
1.2976016e-05  3.1137895e-07
1.3015943e-05  3.0980392e-07
1.3055869e-05  3.0984399e-07
1.3095795e-05  3.1093668e-07
1.3135721e-05  3.1140657e-07
1.3175648e-05  3.1145219e-07
1.3215574e-05  3.1083322e-07
1.32555e-05  3.0980392e-07
1.3295426e-05  3.0980392e-07
1.3335352e-05  3.0980392e-07
1.3375279e-05  3.1170253e-07
1.3415205e-05  3.1372549e-07
1.3455131e-05  3.1734353e-07
1.3495057e-05  3.2156863e-07
1.3534983e-05  3.146909e-07
1.357491e-05  3.0588235e-07
1.3614836e-05  3.0425251e-07
1.3654762e-05  3.0225726e-07
1.3694688e-05  3.0246929e-07
1.3734614e-05  3.0196078e-07
1.3774541e-05  3.0338077e-07
1.3814467e-05  3.068813e-07
1.3854393e-05  3.0483824e-07
1.3894319e-05  2.9841864e-07
1.3934245e-05  3.0058222e-07
1.3974172e-05  3.0588235e-07
1.4014098e-05  3.0351853e-07
1.4054024e-05  2.9803922e-07
1.409395e-05  2.9803922e-07
1.4133876e-05  2.9803922e-07
1.4173803e-05  3.3814881e-07
1.4213729e-05  4.5495511e-07
1.4253655e-05  4.62922e-07
1.4293581e-05  4.7749068e-07
1.4333507e-05  4.6009456e-07
1.4373434e-05  4.2571977e-07
1.441336e-05  4.2772867e-07
1.4453286e-05  4.346448e-07
1.4493212e-05  4.3386134e-07
1.4533138e-05  4.2745098e-07
1.4573065e-05  4.2856059e-07
1.4612991e-05  4.3529412e-07
1.4652917e-05  4.3389846e-07
1.4692843e-05  4.2352941e-07
1.473277e-05  4.2315378e-07
1.4772696e-05  4.1960784e-07
1.4812622e-05  4.2046742e-07
1.4852548e-05  4.2436797e-07
1.4892474e-05  4.2412308e-07
1.4932401e-05  4.0976359e-07
1.4972327e-05  4.1030454e-07
1.5012253e-05  4.1084548e-07
1.5052179e-05  4.1145558e-07
1.5092105e-05  4.2734096e-07
1.5132032e-05  4.2745098e-07
1.5171958e-05  4.1223307e-07
1.5211884e-05  4.1176471e-07
1.525181e-05  4.0433493e-07
1.5291736e-05  4.0392157e-07
1.5331663e-05  4.0754687e-07
1.5371589e-05  4.0781542e-07
1.5411515e-05  4.0829989e-07
1.5451441e-05  4.0895274e-07
1.5491367e-05  4.1493551e-07
1.5531294e-05  4.1568627e-07
1.557122e-05  4.0795539e-07
1.5611146e-05  4.0719496e-07
1.5651072e-05  4.0455828e-07
1.5690998e-05  4.0392157e-07
1.5730925e-05  3.9756683e-07
1.5770851e-05  3.9607843e-07
1.5810777e-05  4.0534178e-07
1.5850703e-05  4.0784314e-07
1.5890629e-05  4.0484494e-07
1.5930556e-05  4.0392157e-07
1.5970482e-05  3.9235437e-07
1.6010408e-05  3.89075e-07
1.6050334e-05  3.8862346e-07
1.609026e-05  3.8823529e-07
1.6130187e-05  3.872198e-07
1.6170113e-05  3.8731721e-07
1.6210039e-05  3.9049801e-07
1.6249965e-05  3.9215686e-07
1.6289891e-05  3.8705633e-07
1.6329818e-05  3.8431373e-07
1.6369744e-05  3.8185305e-07
1.640967e-05  3.8039216e-07
1.6449596e-05  3.8513434e-07
1.6489523e-05  3.8823529e-07
1.6529449e-05  3.8595851e-07
1.6569375e-05  3.8488353e-07
1.6609301e-05  3.8166148e-07
1.6649227e-05  3.7977398e-07
1.6689154e-05  3.8178274e-07
1.672908e-05  3.8312574e-07
1.6769006e-05  3.8198603e-07
1.6808932e-05  3.8039216e-07
1.6848858e-05  3.7269952e-07
1.6888785e-05  3.6470588e-07
1.6928711e-05  3.7204017e-07
1.6968637e-05  3.8039216e-07
1.7008563e-05  3.8039216e-07
1.7048489e-05  3.8039216e-07
1.7088416e-05  3.7873776e-07
1.7128342e-05  3.7647059e-07
1.7168268e-05  3.6898205e-07
1.7208194e-05  3.5824454e-07
1.724812e-05  3.6101263e-07
1.7288047e-05  3.6470588e-07
1.7327973e-05  3.6161061e-07
1.7367899e-05  3.5648675e-07
1.7407825e-05  3.5686275e-07
1.7447751e-05  3.5686275e-07
1.7487678e-05  3.5444981e-07
1.7527604e-05  3.4901961e-07
1.756753e-05  3.0881195e-07
1.7607456e-05  2.0784314e-07
1.7647382e-05  2.129796e-07
1.7687309e-05  2.2748098e-07
1.7727235e-05  2.2895963e-07
1.7767161e-05  2.3248444e-07
1.7807087e-05  2.3266793e-07
1.7847013e-05  2.3137255e-07
1.788694e-05  2.3213108e-07
1.7926866e-05  2.3529412e-07
1.7966792e-05  2.3393832e-07
1.8006718e-05  2.2745098e-07
1.8046644e-05  2.2976842e-07
1.8086571e-05  2.4313725e-07
1.8126497e-05  2.4117816e-07
1.8166423e-05  2.2745098e-07
1.8206349e-05  2.2865154e-07
1.8246276e-05  2.3921569e-07
1.8286202e-05  2.4008069e-07
1.8326128e-05  2.4313725e-07
1.8366054e-05  2.4305931e-07
1.840598e-05  2.4121338e-07
1.8445907e-05  2.4088646e-07
1.8485833e-05  2.4705882e-07
1.8525759e-05  2.4701298e-07
1.8565685e-05  2.4314021e-07
1.8605611e-05  2.4313725e-07
1.8645538e-05  2.4313725e-07
1.8685464e-05  2.4313725e-07
1.872539e-05  2.4313725e-07
1.8765316e-05  2.4313725e-07
1.8805242e-05  2.4678711e-07
1.8845169e-05  2.4705882e-07
1.8885095e-05  2.4705882e-07
1.8925021e-05  2.4705882e-07
1.8964947e-05  2.2970541e-07
1.9004873e-05  2.2745098e-07
1.90448e-05  2.3995308e-07
1.9084726e-05  2.424925e-07
1.9124652e-05  3.5095623e-07
1.9164578e-05  3.7254902e-07
1.9204504e-05  3.5974133e-07
1.9244431e-05  3.5686275e-07
1.9284357e-05  3.6308742e-07
