#wavelength	intensity

260.82406	3.70822906148758e-06
261.03094	3.70840831556372e-06
261.23784	3.70876682371499e-06
261.44476	4.16788736182768e-06
261.65169	4.16808878688929e-06
261.85864	3.24433503725044e-06
262.06561	3.24464857530681e-06
262.2726	3.24496211336318e-06
262.47961	3.24527565141866e-06
262.68663	2.77993440829209e-06
262.89367	2.78020297504015e-06
263.10073	3.7051319203182e-06
263.30781	3.70548980034539e-06
263.5149	2.78087439190992e-06
263.72201	2.78114295865798e-06
263.92914	4.17211728810906e-06
264.13629	4.17252013823e-06
264.34345	2.78181437552851e-06
264.55063	2.78208294227581e-06
264.75783	2.78235150902387e-06
264.96505	2.78262007577193e-06
265.17228	2.78275435914558e-06
265.37953	2.78302292589364e-06
265.5868	2.7832914926417e-06
265.79409	2.78356005938976e-06
266.00139	2.78369434276417e-06
266.20871	3.25013549129105e-06
266.41605	3.25044902934742e-06
266.62341	2.78450004300759e-06
266.83078	2.784634326382e-06
267.03817	2.7849028931293e-06
267.24558	2.78517145987812e-06
267.45301	2.78544002662542e-06
267.66045	2.78557430999983e-06
267.86791	3.24580213992133e-06
268.07539	3.2461150486411e-06
268.28289	2.78638001024325e-06
268.4904	2.78651429361766e-06
268.69793	3.72005983047542e-06
268.90548	3.72041833862771e-06
269.11305	2.78731999386108e-06
269.32063	2.78745427723549e-06
269.52823	2.78772284398355e-06
269.73585	2.78799141073161e-06
269.94349	2.78825997747891e-06
270.15114	2.78839426085332e-06
270.35881	3.72256938753432e-06
270.5665	3.72292789568559e-06
270.77421	4.18379994164511e-06
270.98193	4.18400136670673e-06
271.18967	3.72382416606325e-06
271.39743	3.72418267421452e-06
271.60521	4.185209917073e-06
271.813	4.18541134213347e-06
272.02081	3.72507894459219e-06
272.22864	3.72543745274346e-06
272.43648	3.7256167068196e-06
272.64434	3.72597521496986e-06
272.85222	4.18722416768231e-06
273.06012	4.1876270178044e-06
273.26804	4.18802986792649e-06
273.47597	4.18823129298811e-06
273.68392	3.26001194006356e-06
273.89188	3.26016870909219e-06
274.09987	3.26062639734513e-06
274.30787	3.26078316576617e-06
274.51589	3.72884328018002e-06
274.72392	3.72902253425514e-06
274.93198	3.26173639937314e-06
275.14005	3.26189316840088e-06
275.34814	2.79430272930913e-06
275.55624	2.79443701268277e-06
275.76437	2.79483986280448e-06
275.97251	2.7949741461789e-06
276.18066	2.79510842955254e-06
276.38884	2.79551127967502e-06
276.59703	2.79564556304867e-06
276.80524	2.79591412979673e-06
277.01347	2.79618269654402e-06
277.22171	2.79631697991843e-06
277.42997	2.79658554666726e-06
277.63825	2.79685411341456e-06
277.84655	2.79712268016185e-06
278.05486	2.79725696353703e-06
278.26319	2.79752553028433e-06
278.47154	2.79779409703239e-06
278.6799	2.79792838040603e-06
278.88829	3.2669097773019e-06
279.09669	3.26706654633053e-06
279.3051	3.26721067104465e-06
279.51354	3.26768097630954e-06
279.72199	3.72999193546072e-06
279.93046	3.73034981427348e-06
280.13894	3.73052875368088e-06
280.34745	3.73106557190105e-06
280.55597	4.20011537158578e-06
280.7645	4.20031679664625e-06
280.97306	3.73852300026024e-06
281.18163	3.73870225433639e-06
281.39022	4.20152534701252e-06
281.59883	4.20192819713462e-06
281.80745	4.20212962219509e-06
282.01609	4.20253247231718e-06
282.22475	3.74031554101558e-06
282.43342	3.74049479509274e-06
282.64212	4.20374102268231e-06
282.85083	4.20394244774392e-06
283.05955	3.73483596256579e-06
283.2683	3.73537278260606e-06
283.47706	4.20494957304858e-06
283.68584	4.20535242317067e-06
283.89463	3.73608854266044e-06
284.10345	3.73662536270072e-06
284.31228	3.74336286030086e-06
284.52112	3.74354211437701e-06
284.72999	3.27443469065208e-06
284.93887	3.27459145968071e-06
285.14777	3.27489232369499e-06
285.35668	3.27504909211691e-06
285.56562	4.2085752241474e-06
285.77457	4.20877664920672e-06
285.98353	3.27583293422387e-06
286.19252	3.27630323948876e-06
286.40152	3.27647268801804e-06
286.61054	3.27678622607441e-06
286.81957	2.80692536646339e-06
287.02863	2.80732821658586e-06
287.2377	2.80746249995951e-06
287.44678	2.80759678333316e-06
287.65589	2.80799963345563e-06
287.86501	2.80813391682928e-06
288.07415	3.74891973664403e-06
288.2833	4.21937375799998e-06
288.49248	3.27928183949556e-06
288.70167	2.80907390044711e-06
288.91087	3.27960806858084e-06
289.1201	3.75054571738666e-06
289.32934	3.28023514469358e-06
289.53859	3.28039191372132e-06
289.74787	3.75144199079785e-06
289.95716	4.22221080342469e-06
290.16647	4.69324881092316e-06
290.3758	5.15780249792235e-06
290.58514	5.1580488936843e-06
290.7945	4.69436993480872e-06
291.00388	4.69481838436193e-06
291.21327	5.15928087249826e-06
291.42268	4.21804220201252e-06
291.63211	4.21844505213461e-06
291.84156	5.62513053634227e-06
292.05102	5.62539910308957e-06
292.2605	5.16149843436001e-06
292.47	5.16199122588671e-06
292.67951	5.62674193682911e-06
292.88904	5.62727907032675e-06
293.09859	5.62781620382135e-06
293.30815	5.62808477057017e-06
293.51773	5.62862190406477e-06
293.72733	5.62915903756242e-06
293.93695	4.69361641052744e-06
294.14658	4.69384032124073e-06
294.35623	4.22287640347647e-06
294.56589	4.22307782853808e-06
294.77558	4.2236821037195e-06
294.98528	4.22388352878112e-06
295.195	4.22428637890321e-06
295.40473	4.22448780396368e-06
295.61448	4.22489065408692e-06
295.82425	4.22529350420787e-06
296.03403	4.22549492926834e-06
296.24384	4.22609920445205e-06
296.45366	4.22630062951366e-06
296.66349	4.22650205457414e-06
296.87334	4.22690490469508e-06
297.08321	4.22730775481832e-06
297.2931	5.16500881246184e-06
297.503	5.16525489416315e-06
297.71292	4.70033373198089e-06
297.92286	4.70078155341129e-06
298.13282	5.17332543096302e-06
298.34279	5.17357182672637e-06
298.55277	5.16722354776803e-06
298.76278	5.16796179286916e-06
298.9728	5.17480380553892e-06
299.18284	5.17529659706422e-06
299.3929	5.64151310796862e-06
299.60297	5.64178167471744e-06
299.81306	5.64231880821204e-06
300.02316	5.64258737496086e-06
300.23329	5.17751415892738e-06
300.44343	5.17776055468933e-06
300.65358	5.6439302087004e-06
300.86376	5.64473590894535e-06
301.07395	5.64500447569264e-06
301.28416	5.64554160918724e-06
301.49438	5.64581017593606e-06
301.70462	5.64634730943218e-06
301.91488	5.6468844429283e-06
302.12515	5.64715300967713e-06
302.33544	5.64769014317172e-06
302.54575	5.64822727666784e-06
302.75608	5.64876441016396e-06
302.96642	5.64903297691279e-06
303.17678	5.64957011040738e-06
303.38715	5.64983867715621e-06
303.59755	5.65064437739962e-06
303.80796	5.65091294414692e-06
304.01838	5.65118151089574e-06
304.22882	5.65171864439187e-06
304.43928	5.65225577788799e-06
304.64976	5.65279291138411e-06
304.86025	5.65306147813141e-06
305.07076	5.18687719790529e-06
305.28129	5.18736998943059e-06
305.49183	5.18761638519254e-06
305.70239	5.18810917671784e-06
305.91297	5.18860196824314e-06
306.12356	5.18884836400649e-06
306.33417	5.65628427910661e-06
306.5448	5.65682141260425e-06
306.75545	5.65735854609885e-06
306.96611	5.65762711284767e-06
307.17678	5.19081953010629e-06
307.38748	5.19155871739354e-06
307.59819	5.18518751190626e-06
307.80892	5.18567967530748e-06
308.01966	5.65977564683063e-06
308.23042	5.66031278032675e-06
308.4412	4.71957726538019e-06
308.65199	4.71980117548933e-06
308.8628	5.18764832891096e-06
309.07363	5.18814049231218e-06
309.28448	4.72115742848746e-06
309.49534	4.7213813392033e-06
309.70622	5.66353558130195e-06
309.91711	5.66380414805077e-06
310.12802	5.1967330284085e-06
310.33895	5.1972258199338e-06
310.54989	4.72317262492363e-06
310.76085	4.72362044635402e-06
310.97183	4.72406826778442e-06
311.18283	4.72451608921482e-06
311.39384	5.19256996292176e-06
311.60487	5.19306212632298e-06
311.81591	5.66783264926939e-06
312.02697	5.66836978276704e-06
312.23805	5.66890691626163e-06
312.44914	5.66917548301046e-06
312.66025	4.25228446237993e-06
312.87138	4.25268731250088e-06
313.08253	5.2026465267107e-06
313.29369	5.20289292247265e-06
313.50486	4.25349301274506e-06
313.71606	4.25409728792877e-06
313.92727	5.19747878274279e-06
314.1385	5.1979709449306e-06
314.34974	4.72988994637707e-06
314.561	4.73033776780747e-06
314.77228	5.19921416883753e-06
314.98357	5.19946025053604e-06
315.19488	5.67508395146626e-06
315.40621	5.67562108496086e-06
315.61755	5.67588965170968e-06
315.82891	5.6764267852058e-06
316.04029	5.67696391870192e-06
316.25168	5.67723248544922e-06
316.46309	5.67776961894534e-06
316.67452	5.67830675243993e-06
316.88596	5.20979200382546e-06
317.09742	5.21028479534936e-06
317.3089	5.679649586181e-06
317.52039	5.67991815292982e-06
317.7319	5.68045528642442e-06
317.94342	5.68072385317324e-06
318.15496	5.68126098666936e-06
318.36652	5.68179812016396e-06
318.5781	5.68233525366161e-06
318.78969	5.6826038204089e-06
319.0013	5.68314095390502e-06
319.21292	5.68340952065232e-06
319.42456	5.68394665414844e-06
319.63622	5.68448378764456e-06
319.84789	5.68475235439339e-06
320.05958	5.68528948788798e-06
320.27129	5.68582662138563e-06
320.48302	5.68636375488022e-06
320.69476	5.68663232162752e-06
320.90651	5.68690088837787e-06
321.11828	5.68743802187247e-06
321.33007	5.68797515536706e-06
321.54188	5.68851228886471e-06
321.7537	5.68878085561201e-06
321.96554	5.68931798910813e-06
322.1774	5.68985512260425e-06
322.38927	5.69012368935307e-06
322.60116	5.22087981313982e-06
322.81306	5.22112620890318e-06
323.02498	5.22161900042847e-06
323.23692	5.22211179195238e-06
323.44887	5.69227222333603e-06
323.66084	5.69280935683215e-06
323.87283	5.21668596957454e-06
324.08483	5.21693205127445e-06
324.29685	4.74734211882479e-06
324.50889	4.74778993904178e-06
324.72094	5.22482214534083e-06
324.93301	5.22531493686753e-06
325.14509	4.74868557947449e-06
325.35719	4.74913339969275e-06
325.56931	5.69683785805077e-06
325.78145	5.69737499154842e-06
325.9936	5.2206232767829e-06
326.20576	5.22086935848281e-06
326.41795	5.22827168601793e-06
326.63015	5.22851808177988e-06
326.84236	5.22876447754183e-06
327.0546	5.22950366483048e-06
327.26684	5.70006065902749e-06
327.47911	5.70086635927091e-06
327.69139	4.2758511945148e-06
327.90369	4.7536244821806e-06
328.116	6.17933354946223e-06
328.32833	5.70247775975928e-06
328.54068	5.23221401821894e-06
328.75304	5.23246041398089e-06
328.96542	4.7554028827281e-06
329.17782	4.75585070294509e-06
329.39023	4.27846972030667e-06
329.60266	4.27887257042991e-06
329.8151	4.7567463433778e-06
330.02756	4.75719416359606e-06
330.24004	5.70650626097942e-06
330.45253	5.70677482772672e-06
330.66504	5.23615635041854e-06
330.87757	5.23664914194524e-06
331.09011	5.23022046310319e-06
331.30267	5.23071262650441e-06
331.51525	4.75989398220492e-06
331.72784	4.76011789292076e-06
331.94045	4.76055281522159e-06
332.15307	4.76077672533073e-06
332.36571	5.23268128010789e-06
332.57837	5.23317344351051e-06
332.79104	5.24009868262095e-06
333.00373	5.24059147414625e-06
333.21643	5.2408378699082e-06
333.42915	5.2413306614335e-06
333.64189	5.71348899642594e-06
333.85464	5.71375756317476e-06
334.06741	5.71429469666936e-06
334.2802	5.71483183016548e-06
334.493		5.7151003969143e-06
334.70582	5.71563753041042e-06
334.91866	5.71617466390502e-06
335.13151	5.71644323065384e-06
335.34437	4.76616348222924e-06
335.55726	4.76683521437293e-06
335.77016	5.71778606439338e-06
335.98307	5.71805463114221e-06
336.196		5.71859176463833e-06
336.40895	5.71912889813292e-06
336.62192	5.71966603162904e-06
336.8349	5.71993459837787e-06
337.04789	5.72020316512516e-06
337.26091	5.72100886537011e-06
337.47394	5.72127743211741e-06
337.68698	5.7215459988647e-06
337.90004	5.72208313236082e-06
338.11312	5.72262026585694e-06
338.32621	5.72288883260577e-06
338.53932	5.72342596610036e-06
338.75245	5.72396309959801e-06
338.96559	5.72423166634531e-06
339.17875	5.7247687998399e-06
339.39192	5.72503736659025e-06
339.60511	5.72557450008485e-06
339.81832	5.72611163358097e-06
340.03154	5.72638020032827e-06
340.24478	5.72691733382439e-06
340.45804	5.72745446732051e-06
340.67131	5.72772303406933e-06
340.88459	5.72799160081663e-06
341.0979	5.72879730106005e-06
341.31122	5.72906586780887e-06
341.52455	5.72933443455617e-06
341.7379	5.72987156805382e-06
341.95127	5.73040870154841e-06
342.16465	5.73067726829571e-06
342.37805	5.73121440179183e-06
342.59147	5.73175153528948e-06
342.8049	5.73202010203525e-06
343.01835	5.73255723553289e-06
343.23181	5.25956394786402e-06
343.44529	5.26005673938932e-06
343.65879	5.73390006927243e-06
343.8723	5.73416863601973e-06
344.08583	5.73470576951585e-06
344.29937	5.73497433626468e-06
344.51293	5.73551146975927e-06
344.72651	5.73604860325692e-06
344.9401	5.26276709277637e-06
345.15371	5.26325988430307e-06
345.36733	5.73712287024763e-06
345.58097	5.73766000374375e-06
345.79463	5.73819713723988e-06
346.0083	5.7384657039887e-06
346.22199	5.73900283748329e-06
346.43569	5.73927140423212e-06
346.64941	5.73980853772671e-06
346.86315	5.74034567122436e-06
347.0769	5.26670942497878e-06
347.29067	5.26720221650268e-06
347.50446	5.26769500802938e-06
347.71826	5.26794140379133e-06
347.93207	5.26147283907156e-06
348.1459	5.26196500247138e-06
348.35975	5.26917338260528e-06
348.57362	5.26966617412918e-06
348.78749	5.26966617412918e-06
349.00139	5.27040536141783e-06
349.2153	5.26393365607626e-06
349.42923	5.26442581947748e-06
349.64317	5.27139094446703e-06
349.85713	5.75298679212566e-06
350.07111	5.26565622797983e-06
350.2851	4.78473179658529e-06
350.49911	4.31069773006363e-06
350.71313	4.31089915512525e-06
350.92717	5.27385490209353e-06
351.14122	5.27410129785548e-06
351.3553	5.26811704498593e-06
351.56938	5.26811704498593e-06
351.78349	4.78741494914021e-06
351.9976	4.78741494914148e-06
352.21174	4.3133162558578e-06
352.42589	4.79503497191852e-06
352.64005	5.27679865807656e-06
352.85424	4.79593061235378e-06
353.06844	5.75269974163056e-06
353.28265	5.75296830837786e-06
353.49688	4.79683925020079e-06
353.71112	5.27879581536614e-06
353.92539	5.76132211604431e-06
354.13966	5.27952200463239e-06
354.35396	5.28026119191964e-06
354.56827	5.28050758768299e-06
354.78259	5.75592254260729e-06
354.99693	5.75645967610188e-06
355.21129	4.7997370841963e-06
355.42566	4.79996099430416e-06
355.64005	5.75780250984142e-06
355.85445	5.75807107659025e-06
356.06887	5.75860821008637e-06
356.28331	5.75914534358096e-06
356.49776	5.75941391033131e-06
356.71223	5.75995104382438e-06
356.92671	5.27794730042564e-06
357.14121	5.27843946261205e-06
357.35572	5.76102531081815e-06
357.57025	6.24394718273242e-06
357.7848	6.2445292875385e-06
357.99936	5.76236814455769e-06
358.21394	5.76290527805228e-06
358.42853	5.76317384480263e-06
358.64314	5.76371097829723e-06
358.85777	5.76424811179335e-06
359.07241	5.76451667854065e-06
359.28706	5.76478524528947e-06
359.50173	5.76532237878559e-06
359.71642	5.76585951228171e-06
359.93113	5.76639664577631e-06
360.14585	5.76666521252513e-06
360.36058	5.76693377927395e-06
360.57533	5.76747091276855e-06
360.7901	5.28509668232172e-06
361.00488	5.28534276402303e-06
361.21968	5.76881374650809e-06
361.43449	5.76908231325691e-06
361.64932	5.76961944675303e-06
361.86417	5.77015658024915e-06
362.07903	5.77042514699645e-06
362.29391	5.77096228049257e-06
362.5088	5.7712308472414e-06
362.72371	5.77176798073599e-06
362.93863	5.77203654748482e-06
363.15357	5.77257368098094e-06
363.36852	5.77284224772823e-06
363.58349	5.77337938122435e-06
363.79848	5.77391651472048e-06
364.01348	5.7741850814693e-06
364.2285	5.77472221496389e-06
364.44353	5.77499078171272e-06
364.65858	5.77552791520731e-06
364.87365	5.77606504870496e-06
365.08873	5.77633361545226e-06
365.30382	5.77660218219955e-06
365.51894	5.7774078824445e-06
365.73406	5.7774078824445e-06
365.94921	5.77821358268792e-06
366.16436	5.77821358268792e-06
366.37954	5.77901928293286e-06
366.59473	5.77928784968016e-06
366.80993	5.77955641642746e-06
367.02515	5.78009354992358e-06
367.24039	5.7806306834197e-06
367.45564	5.78089925016852e-06
367.67091	5.78143638366312e-06
367.88619	5.78170495041194e-06
368.10149	5.78224208390806e-06
368.31681	5.78277921740266e-06
368.53214	5.78304778415301e-06
368.74748	5.78331635089878e-06
368.96285	5.78412205114372e-06
369.17822	5.78412205114372e-06
369.39361	5.78465918463984e-06
369.60902	5.78519631813444e-06
369.82445	5.78573345163209e-06
370.03989	5.78600201837938e-06
370.25534	5.78627058512668e-06
370.47081	5.7868077186228e-06
370.6863	5.78734485212045e-06
370.9018	5.78761341886622e-06
371.11731	5.78788198561504e-06
371.33285	5.78868768585999e-06
371.54839	5.78868768585846e-06
371.76396	5.78949338610341e-06
371.97954	5.7897619528507e-06
372.19513	5.79003051959953e-06
372.41074	5.79056765309412e-06
372.62637	5.79110478659177e-06
372.84201	5.79137335333907e-06
373.05766	5.79164192008636e-06
373.27334	5.79244762033131e-06
373.48902	5.79244762032978e-06
373.70473	5.79325332057473e-06
373.92044	5.79325332057473e-06
374.13618	5.79405902081967e-06
374.35193	5.79432758756544e-06
374.56769	5.79459615431579e-06
374.78347	5.79513328781039e-06
374.99927	5.79567042130651e-06
375.21508	5.7959389880538e-06
375.43091	5.79647612154993e-06
375.64675	5.79674468829875e-06
375.86261	5.79728182179487e-06
376.07848	5.79755038854217e-06
376.29437	5.79808752203829e-06
376.51027	5.79835608878559e-06
376.72619	5.79889322228171e-06
376.94213	5.79943035577935e-06
377.15808	5.79969892252513e-06
377.37404	5.79996748927395e-06
377.59002	5.80050462277007e-06
377.80602	5.80104175626619e-06
378.02203	6.28702293824698e-06
378.23806	6.28760504305307e-06
378.4541	5.80211602325691e-06
378.67016	5.80265315675455e-06
378.88623	5.80292172350185e-06
379.10232	5.80345885699797e-06
379.31842	5.80372742374527e-06
379.53454	5.80426455724139e-06
379.75068	5.80480169073751e-06
379.96683	5.80507025748634e-06
380.183		5.80560739098093e-06
380.39918	5.32658359528389e-06
380.61537	5.32682999104584e-06
380.83158	5.80668165797317e-06
381.04781	6.29342609109571e-06
381.26405	6.29371714349544e-06
381.48031	5.80802449171271e-06
381.69659	5.80856162521036e-06
381.91287	5.80856162520883e-06
382.12918	5.80936732545378e-06
382.3455	5.80963589220107e-06
382.56183	5.80990445894837e-06
382.77818	5.81044159244602e-06
382.99455	5.81097872594061e-06
383.21093	5.81124729268944e-06
383.42732	5.81151585943674e-06
383.64373	5.81205299293286e-06
383.86016	5.81259012642898e-06
384.0766	0.000237003289811
384.29306	0.001783170417615
384.50953	0.003576154970176
384.72602	0.003700526704512
384.94252	0.003855204848892
385.15904	0.003826133556609
385.37557	0.00364610364402
385.59212	0.003556772559728
385.80868	0.003595535659556
386.02526	0.003450841694081
386.24186	0.003219828307462
386.45847	0.003099166879583
386.67509	0.00324106009455
386.89173	0.003387908767517
387.10839	0.003213039301455
387.32506	0.003067732108131
387.54174	0.002998470308068
387.75844	0.002861091629349
387.97516	0.002788626341833
388.19189	0.002978214894555
388.40864	0.003016327647625
388.6254	0.002902864583213
388.84218	0.002973019630631
389.05897	0.002819043749191
389.27578	0.002838685002791
389.4926	0.002924662575899
389.70944	0.002736855181002
389.92629	0.002670323606321
390.14316	0.00270290277553
390.36004	0.00278211493849
390.57694	0.002710598152454
390.79385	0.002485288661055
391.01078	0.002408718005635
391.22773	0.0026510211587
391.44469	0.002605419128876
391.66166	0.002313559850422
391.87865	0.002343091837901
392.09566	0.002433750079247
392.31268	0.002421697571509
392.52971	0.002456277613295
392.74676	0.002360130288889
392.96383	0.002351090481962
393.18091	0.002365388266646
393.398		0.002319139770143
393.61511	0.002180252436333
393.83224	0.002180615320623
394.04938	0.002237703555286
394.26653	0.00216630333467
394.48371	0.002170014344931
394.70089	0.002117657115927
394.91809	0.002104570129754
395.13531	0.00222775564828
395.35254	0.002161206984553
395.56979	0.002141251166486
395.78705	0.002295851641659
396.00433	0.002295031101367
396.22162	0.002164495804119
396.43892	0.002173929605095
396.65625	0.002151147037579
396.87358	0.002223396756501
397.09094	0.002227321597007
397.3083	0.002095038737427
397.52568	0.002114196013491
397.74308	0.002109290937907
397.96049	0.002201446512898
398.17792	0.002286649362853
398.39536	0.002252108610514
398.61282	0.002214956329747
398.83029	0.002284314567607
399.04778	0.002371791100497
399.26528	0.002363691488417
399.4828	0.002314325054087
399.70033	0.002434616690853
399.91788	0.002466831497197
400.13544	0.002470959708861
400.35302	0.002502737096554
400.57061	0.002502797611626
400.78822	0.00252630304714
401.00584	0.002556450203215
401.22348	0.002470489741653
401.44113	0.002367836977393
401.6588	0.002410308170976
401.87648	0.002475900565938
402.09418	0.002563263414089
402.31189	0.002703020456772
402.52962	0.002724998024549
402.74736	0.002565486772821
402.96512	0.002644281198574
403.18289	0.002728838176669
403.40067	0.002632806931796
403.61848	0.002620681886247
403.83629	0.002659485359882
404.05412	0.002627262097079
404.27197	0.002583841424507
404.48983	0.002646995587646
404.70771	0.002710019178002
404.9256	0.002704350503843
405.14351	0.002772164776862
405.36143	0.00280567238523
405.57936	0.002754219052349
405.79731	0.002753239590232
406.01528	0.002769363549275
406.23326	0.002711948358341
406.45126	0.002702914697284
406.66927	0.002832816962439
406.88729	0.002927306102145
407.10533	0.00288727257669
407.32339	0.002794731307233
407.54146	0.002358275067684
407.75954	0.00269162335725
407.97764	0.002846063785012
408.19576	0.002896889256731
408.41389	0.002850557782659
408.63203	0.002860385824674
408.85019	0.002920984977931
409.06836	0.002923451528762
409.28655	0.00287507299662
409.50476	0.002900887444383
409.72297	0.002920812329292
409.94121	0.002813059097091
410.15946	0.002739171669523
410.37772	0.002722155479313
410.596		0.002834120865486
410.81429	0.002889124400635
411.0326	0.002901592743511
411.25092	0.002994306371189
411.46925	0.00298313765441
411.68761	0.002951997520654
411.90597	0.003081760078787
412.12435	0.003093428399194
412.34275	0.003000815510282
412.56116	0.002927472865344
412.77959	0.002890056026814
412.99803	0.002914073770669
413.21648	0.002964539380905
413.43495	0.003049942982626
413.65344	0.003196898974308
413.87193	0.003402013836087
414.09045	0.003632848652124
414.30898	0.003688983374198
414.52752	0.003561440813847
414.74608	0.003606903941412
414.96465	0.003751957396137
415.18324	0.003834003916527
415.40184	0.003968590215677
415.62046	0.004053407892069
415.83909	0.004140761036892
416.05774	0.004155183747151
416.2764	0.004233046687049
416.49508	0.004359889737883
416.71377	0.004446031819174
416.93247	0.004678295178962
417.15119	0.004870414896144
417.36993	0.004972754356686
417.58868	0.005108561529424
417.80744	0.005239021943418
418.02622	0.00537875627041
418.24501	0.005521077863015
418.46382	0.005616638329143
418.68264	0.005839851561457
418.90148	0.0060540888886
419.12033	0.006199006021676
419.3392	0.006331561134619
419.55808	0.006423419595947
419.77698	0.0066730513014
419.99589	0.006853445737592
420.21481	0.006941603457234
420.43375	0.007128892778785
420.65271	0.007354001792295
420.87167	0.007455602624498
421.09066	0.007558335671073
421.30966	0.007746182839294
421.52867	0.007936761035011
421.7477	0.008186551722244
421.96674	0.008417117524448
422.1858	0.008663196637916
422.40487	0.008904687033689
422.62395	0.009126884060921
422.84305	0.009334597798985
423.06217	0.009580259755681
423.2813	0.009915668221562
423.50044	0.0102080627376
423.7196	0.010485687351103
423.93878	0.010805239534567
424.15796	0.011114753529538
424.37717	0.011426623657501
424.59638	0.011726249260072
424.81561	0.012061333187267
425.03486	0.01247675981176
425.25412	0.012852581916246
425.4734	0.013334231778971
425.69269	0.013823945279005
425.91199	0.014165827669306
426.13131	0.014497915098498
426.35064	0.014897113629499
426.56999	0.01539432061099
426.78935	0.015908666390837
427.00873	0.016272283593912
427.22812	0.016597275635038
427.44753	0.017251078190049
427.66695	0.017913154677532
427.88638	0.018343463750352
428.10583	0.018788288116013
428.3253	0.019286638307851
428.54477	0.019740275255938
428.76427	0.020148759539267
428.98377	0.020314044783917
429.2033	0.020372124698912
429.42283	0.020471515107382
429.64238	0.020606604617843
429.86195	0.020709830779133
430.08153	0.020936282150211
430.30112	0.021574077855076
430.52073	0.022224891013491
430.74035	0.022823436185332
430.95999	0.023386914807604
431.17964	0.02386310964198
431.39931	0.02456247846817
431.61899	0.025301476913282
431.83868	0.026010087945322
432.05839	0.026716379997989
432.27812	0.027250944266823
432.49785	0.027707010316319
432.71761	0.028211148126476
432.93737	0.028765301266655
433.15716	0.029443214474809
433.37695	0.030259815396242
433.59676	0.030932222009275
433.81659	0.03148176537878
434.03643	0.032157613823495
434.25628	0.032823658408967
434.47615	0.033446852850373
434.69603	0.033951773615026
434.91593	0.034263394020457
435.13584	0.034289084802976
435.35576	0.034296211492803
435.5757	0.034745841954568
435.79565	0.035389471851384
436.01562	0.036136340989653
436.23561	0.036975659960347
436.4556	0.037641158917681
436.67561	0.038205121793941
436.89564	0.038997385223304
437.11568	0.039690677347379
437.33573	0.040237360022017
437.5558	0.040728429663872
437.77589	0.041088751769678
437.99598	0.041795950309275
438.21609	0.042755460532962
438.43622	0.043798752690718
438.65636	0.044963329032894
438.87651	0.046178137590846
439.09668	0.047350549818251
439.31687	0.048451682877312
439.53706	0.049339209402489
439.75727	0.050079709807611
439.9775	0.050935215040191
440.19774	0.051656944073412
440.41799	0.052543844291388
440.63826	0.053585112268248
440.85855	0.054832491256854
441.07884	0.056294845049432
441.29915	0.057551585637
441.51948	0.058608521554735
441.73982	0.059533329327632
441.96017	0.06052728812566
442.18054	0.061310286410732
442.40092	0.06188612899922
442.62132	0.062685466259294
442.84173	0.063721200008262
443.06216	0.065004783535852
443.2826	0.066336930338406
443.50305	0.067585078191823
443.72352	0.06894873665484
443.944		0.070336230719443
444.1645	0.07127376687978
444.38501	0.072387024492885
444.60553	0.07374504578159
444.82607	0.075057554473569
445.04662	0.076772898678186
445.26719	0.078024747886628
445.48777	0.079128430606524
445.70837	0.080638659052983
445.92898	0.082115347959928
446.1496	0.083346708055464
446.37024	0.084709475946825
446.59089	0.086184148222207
446.81156	0.087364466488875
447.03224	0.088389230036974
447.25293	0.089533372066353
447.47364	0.090804196904621
447.69436	0.091444519246863
447.9151	0.091752815884726
448.13585	0.09242323870899
448.35662	0.093116461886932
448.5774	0.094307166939126
448.79819	0.09553406799358
449.019		0.096152415612754
449.23982	0.096542171976636
449.46065	0.097315380909903
449.6815	0.097598302619208
449.90237	0.097022277440018
450.12325	0.097086478495871
450.34414	0.097849316055288
450.56504	0.098259758731054
450.78597	0.09802766273046
451.0069	0.098395468244994
451.22785	0.098828902792689
451.44881	0.098676640669594
451.66979	0.098542791465803
451.89078	0.098058899652756
452.11178	0.097595939327591
452.3328	0.097086237565627
452.55383	0.096392446642542
452.77488	0.096083329626767
452.99594	0.09612811658905
453.21702	0.096246480903009
453.43811	0.095758341143876
453.65921	0.094831139858931
453.88032	0.093753610001212
454.10146	0.092326782964089
454.3226	0.090647858745539
454.54376	0.089361753105015
454.76493	0.08841414126363
454.98612	0.08739126081678
455.20732	0.086153746068086
455.42854	0.084510532110168
455.64976	0.08313033012222
455.87101	0.081929011055185
456.09226	0.080265342723455
456.31354	0.078633537480111
456.53482	0.077683851708346
456.75612	0.076649313283693
456.97743	0.075080361610522
457.19876	0.073538085085583
457.4201	0.072447646756854
457.64145	0.071590254740123
457.86282	0.070403106310174
458.08421	0.069050471201839
458.3056	0.067799346498396
458.52701	0.066486827429877
458.74844	0.065390093094328
458.96988	0.064374663631043
459.19133	0.063387524904282
459.41279	0.062384781796021
459.63427	0.061471946001031
459.85577	0.060413639988364
460.07728	0.059080160581572
460.2988	0.057982327407858
460.52033	0.057094580280901
460.74188	0.05615199360875
460.96345	0.055454980705563
461.18502	0.054958740551338
461.40662	0.054166055564382
461.62822	0.053760517109308
461.84984	0.053724377694569
462.07147	0.053533817706163
462.29312	0.052997983827697
462.51478	0.052370819103595
462.73645	0.051763646558051
462.95814	0.051106451945377
463.17984	0.050669922178574
463.40156	0.050656667649963
463.62329	0.050597993711388
463.84503	0.050452971398261
464.06679	0.049750271791997
464.28856	0.049206634511094
464.51035	0.04864315757292
464.73215	0.048442652124046
464.95396	0.047972517662585
465.17579	0.047054490555833
465.39763	0.046375386214811
465.61948	0.046277116500814
465.84135	0.046284216439989
466.06323	0.046039863546592
466.28513	0.045895636300375
466.50704	0.045543245632681
466.72896	0.044965413273229
466.9509	0.044392438994564
467.17285	0.043878882024829
467.39481	0.043609136738538
467.61679	0.043365641657005
467.83878	0.043165085994962
468.06079	0.043250815675761
468.28281	0.043374643772995
468.50484	0.043454803743613
468.72689	0.043403764442334
468.94895	0.042924020924784
469.17103	0.04194571076316
469.39312	0.041126350631557
469.61522	0.040641053603535
469.83733	0.040370893660661
470.05946	0.040307823755276
470.28161	0.040075511332666
470.50376	0.039706136976759
470.72594	0.039314423403067
470.94812	0.038931392311484
471.17032	0.038429242099095
471.39253	0.037844193496507
471.61476	0.03734725978295
471.837		0.036860428440912
472.05925	0.036588192744786
472.28152	0.036460479418799
472.5038	0.036547631959447
472.72609	0.03669044411599
472.9484	0.036569947891559
473.17072	0.036404186814624
473.39305	0.036285602302318
473.6154	0.036170644344138
473.83777	0.036093763903214
474.06014	0.035872950109986
474.28253	0.035623419304928
474.50494	0.03541030770669
474.72735	0.035090594801519
474.94978	0.034781826146524
475.17223	0.03454558807599
475.39469	0.0342391025805
475.61716	0.034040093639073
475.83964	0.033997317519306
476.06214	0.033851798415035
476.28465	0.033713894622778
476.50718	0.033615791524861
476.72972	0.03343618851866
476.95227	0.033289337932175
477.17484	0.033258876050774
477.39742	0.033324046113731
477.62001	0.033438387151607
477.84262	0.033482958087059
478.06524	0.033385825084064
478.28788	0.033470823760785
478.51053	0.033702697640703
478.73319	0.033883594443611
478.95586	0.033966415593449
479.17855	0.033944840300901
479.40126	0.033990587849941
479.62397	0.034053411526451
479.8467	0.03409823665062
480.06945	0.034246176723323
480.2922	0.034334132060705
480.51497	0.034420764534478
480.73776	0.034534344125076
480.96056	0.034619679436594
481.18337	0.034605856627719
481.40619	0.034545381787432
481.62903	0.034471291073247
481.85188	0.034490632117927
482.07475	0.034574100813791
482.29763	0.034637265473189
482.52052	0.034717802446431
482.74342	0.034842175208635
482.96634	0.034944172772385
483.18928	0.03497535925241
483.41222	0.035013790263702
483.63518	0.035154752230389
483.85815	0.035369156437375
484.08114	0.035516045660129
484.30414	0.035557054782385
484.52715	0.035591025875537
484.75018	0.035678867970437
484.97322	0.035817132225585
485.19628	0.035947610650482
485.41934	0.036029438623859
485.64242	0.036054385058818
485.86552	0.036105859254056
486.08863	0.036159300264033
486.31175	0.036221580542218
486.53488	0.036299044000135
486.75803	0.036371392951774
486.98119	0.036431032888152
487.20437	0.036493805428708
487.42756	0.036510156049774
487.65076	0.036504555025831
487.87397	0.036520531887811
488.0972	0.036553738392639
488.32044	0.036559735038734
488.5437	0.036606941322059
488.76697	0.036707484874419
488.99025	0.03675985710361
489.21354	0.036836547840889
489.43685	0.037121582822252
489.66018	0.037445264515144
489.88351	0.037698619213634
490.10686	0.038062702299198
490.33022	0.038672723971791
490.5536	0.039455097984953
490.77699	0.040197238724967
491.00039	0.040788302300481
491.22381	0.041348528701349
491.44724	0.041997332359799
491.67068	0.042784357864672
491.89413	0.04355191867508
492.1176	0.044245178310233
492.34109	0.044784798535754
492.56458	0.045147351626605
492.78809	0.045546483310728
493.01161	0.046007715823301
493.23515	0.046312638232824
493.4587	0.04637466374005
493.68226	0.046544599198884
493.90584	0.047076219243033
494.12943	0.047685112971665
494.35303	0.048137920559895
494.57664	0.048368047695229
494.80027	0.048407941415222
495.02391	0.048359200819478
495.24757	0.048569634061714
495.47124	0.048909700759147
495.69492	0.049318027439474
495.91862	0.04987326623268
496.14232	0.050390499834563
496.36605	0.05092081858084
496.58978	0.051565519301427
496.81353	0.052350533936135
497.03729	0.052966013179053
497.26107	0.053301504482713
497.48485	0.053582605567414
497.70866	0.054103612215748
497.93247	0.054841175826292
498.1563	0.055618359742343
498.38014	0.056346023757518
498.60399	0.056779787470167
498.82786	0.056967763774836
499.05174	0.057417998783406
499.27564	0.058161714093603
499.49954	0.058719439504467
499.72346	0.059041982924569
499.9474	0.059113969639325
500.17134	0.059466386214758
500.3953	0.059942962608851
500.61928	0.060364875787608
500.84326	0.060847006004583
501.06726	0.061476380796447
501.29127	0.062255693006619
501.5153	0.062910075986137
501.73934	0.063469679022099
501.96339	0.063817376073414
502.18745	0.064027779349574
502.41153	0.064486270981406
502.63562	0.064967833178955
502.85973	0.065405060788243
503.08385	0.066020488504543
503.30798	0.067164584537465
503.53212	0.068230218551462
503.75628	0.068996675772292
503.98045	0.069735321456341
504.20463	0.070203802336314
504.42883	0.070715827537362
504.65304	0.070980996250203
504.87726	0.071093425751052
505.1015	0.071685170730638
505.32575	0.072345223004517
505.55001	0.073285204379493
505.77428	0.074074263242297
505.99857	0.074807268868227
506.22287	0.075987747136614
506.44719	0.076671953764726
506.67151	0.07645808078813
506.89585	0.076234680078556
507.12021	0.076773476870274
507.34457	0.07744588463496
507.56895	0.078031024156486
507.79335	0.07866997220659
508.01775	0.079543524394639
508.24217	0.080101048277788
508.4666	0.080389983593576
508.69105	0.081297317342663
508.91551	0.081697518715696
509.13998	0.081800133919542
509.36446	0.082087501013479
509.58896	0.082378515020864
509.81347	0.082726679916845
510.03799	0.083095552444216
510.26253	0.083796273337165
510.48708	0.083993301358408
510.71164	0.084010531057772
510.93621	0.084456583361665
511.1608	0.084869191984964
511.3854	0.084984315983985
511.61002	0.085384814953389
511.83464	0.085974651905986
512.05928	0.086316249536659
512.28394	0.086735841637344
512.5086	0.08755175385981
512.73328	0.087783441304914
512.95797	0.087443807119294
513.18268	0.087981434116241
513.4074	0.088844079721671
513.63213	0.089710576086458
513.85687	0.090632983890867
514.08163	0.091165960812654
514.3064	0.091624382568814
514.53118	0.092475596619714
514.75597	0.093925037083123
514.98078	0.095324321969281
515.2056	0.095961373764778
515.43044	0.096780272271708
515.65529	0.097846952631517
515.88015	0.098441789169361
516.10502	0.099467767087497
516.3299	0.100543891637
516.5548	0.101213224439762
516.77972	0.101584435652088
517.00464	0.101758021855065
517.22958	0.102508156689386
517.45453	0.103659031383959
517.67949	0.104177457568392
517.90447	0.103586322534597
518.12946	0.102865330264242
518.35446	0.102965599273683
518.57947	0.103653324377913
518.8045	0.104222080003809
519.02954	0.104533187862082
519.25459	0.104795093354682
519.47966	0.104925192164905
519.70474	0.105133903245169
519.92983	0.105475995711865
520.15493	0.106354240868207
520.38005	0.10727183638888
520.60518	0.107354247030555
520.83033	0.107089941102867
521.05548	0.10772705223664
521.28065	0.109142898470916
521.50583	0.110370061894457
521.73103	0.111059110801529
521.95623	0.111845816854293
522.18145	0.112855761375419
522.40669	0.114068723378066
522.63193	0.11552852438327
522.85719	0.116843779319446
523.08246	0.117701858265329
523.30774	0.117735524233994
523.53304	0.117166040529281
523.75835	0.116424584830856
523.98367	0.115640699336603
524.20901	0.115554356425187
524.43436	0.116310851381056
524.65972	0.117031428430966
524.88509	0.117645629653563
525.11048	0.118381106734927
525.33587	0.118810999294207
525.56129	0.118697906611184
525.78671	0.118396502051967
526.01215	0.118226446576793
526.2376	0.118303072596356
526.46306	0.11889662937177
526.68853	0.119887216588168
526.91402	0.120539888408861
527.13952	0.121006379313989
527.36504	0.12142605990508
527.59056	0.121579694775039
527.8161	0.121902369930409
528.04165	0.1226462003293
528.26722	0.123205609584159
528.49279	0.123283707716232
528.71838	0.123312498106304
528.94398	0.123519078122493
529.1696	0.123677541339236
529.39523	0.123858182423649
529.62087	0.124130230028561
529.84652	0.124254827217443
530.07218	0.124209433668143
530.29786	0.124236364659363
530.52355	0.124669527573582
530.74926	0.125745134811007
530.97497	0.126766072583756
531.2007	0.127077828987987
531.42644	0.127038027745485
531.6522	0.127398045538429
531.87796	0.12818847164821
532.10374	0.129065240281238
532.32953	0.129959922101045
532.55534	0.130867305094892
532.78116	0.131329932167238
533.00698	0.131386841007494
533.23283	0.13133509904286
533.45868	0.131375079048229
533.68455	0.13181203802956
533.91043	0.13214962879811
534.13632	0.131743056085828
534.36223	0.13099509922482
534.58815	0.130296696334621
534.81408	0.129935384114823
535.04002	0.129975300836971
535.26597	0.129714063548005
535.49194	0.129383087440856
535.71792	0.129603331298418
535.94392	0.129822411709216
536.16992	0.129893696382792
536.39594	0.130054803226771
536.62197	0.130242155714407
536.84801	0.130325333732757
537.07407	0.130211003728888
537.30014	0.130059853458084
537.52622	0.130301648688449
537.75231	0.130853171949483
537.97842	0.131523531354887
538.20454	0.131710062491992
538.43067	0.131580454039247
538.65681	0.131969091178788
538.88297	0.132396626309338
539.10914	0.132744967136422
539.33532	0.133177783702035
539.56151	0.133397029523286
539.78772	0.133419886967053
540.01394	0.133751198434886
540.24017	0.134859243817835
540.46641	0.136109455358644
540.69267	0.137171872963061
540.91893	0.137583750187776
541.14522	0.137722393054912
541.37151	0.138209029922909
541.59781	0.138959325591354
541.82413	0.139561245569679
542.05046	0.140103620484674
542.27681	0.140643710694914
542.50316	0.141244656221699
542.72953	0.141603310899293
542.95591	0.141806743026047
543.1823	0.142295555188016
543.40871	0.142355301890922
543.63513	0.142366373273682
543.86156	0.142441056631707
544.088		0.142792304882989
544.31445	0.143745538188458
544.54092	0.144346765092921
544.7674	0.144533022144323
544.99389	0.144867869226273
545.2204	0.145395911717097
545.44691	0.145947480018501
545.67344	0.146023167167323
545.89999	0.145929860854739
546.12654	0.146538993790275
546.35311	0.147190099027788
546.57968	0.147576508880555
546.80628	0.147970334810428
547.03288	0.147767411470937
547.2595	0.147853179468585
547.48612	0.147899089810037
547.71276	0.147580366122443
547.93942	0.147625900311944
548.16608	0.147944387127301
548.39276	0.148111723941373
548.61945	0.147999190458837
548.84615	0.147759541474522
549.07287	0.148071808282688
549.29959	0.148539957281736
549.52633	0.148645849775325
549.75308	0.149022544134069
549.97985	0.149878788102525
550.20662	0.15107520186376
550.43341	0.152022283043205
550.66021	0.15234638581584
550.88703	0.152806463692075
551.11385	0.153428708990564
551.34069	0.153922794743942
551.56754	0.15404215828302
551.7944	0.154498578888311
552.02128	0.155364244372078
552.24816	0.156212068790866
552.47506	0.157240072267487
552.70197	0.158247410328187
552.9289	0.159001821639933
553.15583	0.159454644862543
553.38278	0.159678444363166
553.60974	0.159702813326022
553.83671	0.160052641699483
554.0637	0.161072007421173
554.29069	0.162268414508141
554.5177	0.163251299831181
554.74473	0.164059470464628
554.97176	0.164999307431894
555.1988	0.165723143253159
555.42586	0.166116675369444
555.65293	0.166168875457922
555.88002	0.165973549827058
556.10711	0.165780180960087
556.33422	0.165844969075783
556.56134	0.166249876897463
556.78847	0.166767158238877
557.01561	0.167095069774742
557.24277	0.167486093938374
557.46993	0.167850932036134
557.69711	0.168274769010227
557.92431	0.169008671907159
558.15151	0.169674754959637
558.37873	0.169900383127299
558.60596	0.170110297563059
558.8332	0.170691961512469
559.06045	0.17149950783767
559.28771	0.172246132959609
559.51499	0.173006224012814
559.74228	0.173604939940075
559.96958	0.174042642711986
560.1969	0.17464636248655
560.42422	0.175311896864311
560.65156	0.175902163152057
560.87891	0.176479158102265
561.10627	0.177015358021395
561.33365	0.177578333994278
561.56103	0.178307823015113
561.78843	0.179155681573083
562.01584	0.179798563187101
562.24326	0.180252879777303
562.4707	0.180635167649884
562.69815	0.181010251531118
562.9256	0.181483886080295
563.15308	0.182084635541341
563.38056	0.182436335279188
563.60805	0.182675759463022
563.83556	0.182985887505603
564.06308	0.183506254847813
564.29061	0.183979233780788
564.51815	0.184376528825714
564.74571	0.184917029034326
564.97328	0.185260930783203
565.20086	0.18558947723846
565.42845	0.186272834691707
565.65605	0.18686435676916
565.88367	0.187481179664269
566.11129	0.187966020084531
566.33893	0.188566146575747
566.56659	0.189387256460773
566.79425	0.190395031370336
567.02192	0.191239460075188
567.24961	0.191927012204445
567.47731	0.192925115029659
567.70502	0.194145588367572
567.93275	0.194782957223865
568.16048	0.195207912415059
568.38823	0.196075755159163
568.61599	0.196377233109663
568.84376	0.196488936619491
569.07155	0.19714470671614
569.29934	0.197621941025818
569.52715	0.198119666192509
569.75497	0.198336494891517
569.9828	0.198129156979075
570.21064	0.197930577446869
570.4385	0.197580493790568
570.66636	0.197028854515601
570.89424	0.196504215092245
571.12213	0.196251430084568
571.35004	0.196563485944248
571.57795	0.1972182428731
571.80588	0.197635199057333
572.03382	0.198297372371162
572.26177	0.199054337058143
572.48973	0.199427644335123
572.71771	0.19952387397159
572.94569	0.199507581158825
573.17369	0.19949308605709
573.4017	0.199496526613912
573.62972	0.199622762031626
573.85776	0.200063180625098
574.0858	0.200370825596317
574.31386	0.200638252314921
574.54193	0.200921180733162
574.77001	0.200836749502923
574.99811	0.200806999114696
575.22621	0.201351529399044
575.45433	0.202154755252525
575.68246	0.202709673064271
575.9106	0.203017551784638
576.13875	0.203625217554222
576.36692	0.204335185467241
576.59509	0.205115442342394
576.82328	0.205678950964615
577.05148	0.205935709979898
577.27969	0.206298574697288
577.50792	0.206647795466174
577.73615	0.206945648010424
577.9644	0.207263261145617
578.19266	0.207718062088531
578.42093	0.208145640876939
578.64921	0.20815047314749
578.87751	0.20827868071139
579.10581	0.208339371593255
579.33413	0.208665855947663
579.56246	0.20910050927763
579.7908	0.209302814066562
580.01916	0.209204965261901
580.24752	0.209180615960404
580.4759	0.20945464777046
580.70429	0.209603905731991
580.93269	0.209688534229333
581.1611	0.209722719096515
581.38952	0.209753799726066
581.61796	0.209940709384262
581.84641	0.210416240701489
582.07487	0.210926288562712
582.30334	0.211306652589108
582.53182	0.211467503083984
582.76032	0.211593593343985
582.98882	0.212080663155449
583.21734	0.212910329333179
583.44587	0.213694865893207
583.67441	0.214247763463466
583.90297	0.214612816329607
584.13153	0.215345430903298
584.36011	0.216234593016712
584.58869	0.216941938811155
584.81729	0.217722691866398
585.04591	0.21867313219759
585.27453	0.219316291344388
585.50317	0.219665768262929
585.73181	0.219876357647443
585.96047	0.22008906209293
586.18914	0.220152171554956
586.41782	0.219985836645792
586.64652	0.219871586499462
586.87522	0.220022977516946
587.10394	0.220251028955297
587.33267	0.220378488960583
587.56141	0.220455012697571
587.79016	0.220710821905981
588.01892	0.220986804623097
588.2477	0.221260061425275
588.47648	0.221513613836944
588.70528	0.221718341477011
588.93409	0.221961508870922
589.16291	0.222136824886599
589.39175	0.222319535475803
589.62059	0.222641351005208
589.84945	0.222911509723666
590.07831	0.223503002497451
590.30719	0.224248379104817
590.53609	0.224758128315203
590.76499	0.225183132844065
590.9939	0.225441296007711
591.22283	0.225391697780807
591.45177	0.225411612536675
591.68072	0.225523658799701
591.90968	0.225562990592492
592.13865	0.225818807980052
592.36763	0.226068315772759
592.59663	0.225996878590316
592.82563	0.225750544223444
593.05465	0.225515437537188
593.28368	0.225567945364108
593.51272	0.225472318127901
593.74178	0.225207479074625
593.97084	0.224921154996608
594.19992	0.224529138503043
594.42901	0.224368688163025
594.65811	0.224165333256818
594.88722	0.223974478083135
595.11634	0.224078976132478
595.34547	0.224135214096194
595.57462	0.22408399409222
595.80377	0.224254796651418
596.03294	0.224724700255204
596.26212	0.225472858693805
596.49131	0.225929357509875
596.72052	0.22598540227411
596.94973	0.22611156083709
597.17896	0.226442543170194
597.40819	0.226686775793082
597.63744	0.226938284081956
597.8667	0.227374378260329
598.09597	0.227743387818359
598.32526	0.227611224078306
598.55455	0.227068811176698
598.78386	0.226770981367175
599.01318	0.226854054711398
599.2425	0.226923222559229
599.47185	0.226878330116859
599.7012	0.226584953754988
599.93056	0.226476870534089
600.15993	0.226437943475092
600.38932	0.226390800579707
600.61872	0.226617406027088
600.84813	0.226603545934753
601.07755	0.226131920455116
601.30698	0.225917309810775
601.53642	0.225781433534625
601.76588	0.225898553014234
601.99534	0.226413033831948
602.22482	0.226950601111627
602.45431	0.227297707103089
602.68381	0.227624552257543
602.91332	0.227900624253929
603.14284	0.228348396970327
603.37238	0.228835927491835
603.60192	0.229149943387617
603.83148	0.229293462259217
604.06105	0.229454963571612
604.29063	0.229567209917527
604.52022	0.229378283330308
604.74982	0.228994556043497
604.97944	0.228670027623857
605.20906	0.22831966606939
605.4387	0.228196012097511
605.66835	0.228113957710704
605.898		0.227862389130393
606.12768	0.22760395835458
606.35736	0.227452198582931
606.58705	0.227340048818395
606.81675	0.227316964053165
607.04647	0.227350406601571
607.2762	0.227433029191757
607.50594	0.227403926796167
607.73569	0.227463897093459
607.96545	0.227753557654115
608.19522	0.227939872955236
608.425		0.228084575210807
608.6548	0.228307503503981
608.8846	0.228074903191717
609.11442	0.227665901208941
609.34425	0.227310135061481
609.57409	0.226963477623675
609.80394	0.22676082870562
610.0338	0.22675055930592
610.26368	0.22665302297556
610.49356	0.226489355136187
610.72346	0.226381107955238
610.95336	0.226325062200666
611.18328	0.226188911883128
611.41321	0.225779127670051
611.64315	0.224944888160374
611.87311	0.224273552980313
612.10307	0.223886310359072
612.33304	0.223874974848296
612.56303	0.223963573083265
612.79303	0.224031996803735
613.02304	0.224017787434943
613.25306	0.22392737035724
613.48309	0.223833073093438
613.71313	0.223443869199485
613.94318	0.222810959090595
614.17325	0.222316020997485
614.40332	0.222078001641207
614.63341	0.221849897731571
614.86351	0.221343468125822
615.09362	0.221152936382125
615.32374	0.221054957230545
615.55387	0.220610786573961
615.78401	0.220063834294757
616.01416	0.219770390543908
616.24433	0.21960025099106
616.4745	0.219404829290571
616.70469	0.219227729882201
616.93489	0.218589583989146
617.1651	0.218243228544026
617.39532	0.218211951969624
617.62555	0.21790746557859
617.85579	0.217351960082798
618.08605	0.216916906086349
618.31631	0.21658059031193
618.54659	0.216126880948354
618.77688	0.215651847964658
619.00717	0.215338833134797
619.23748	0.215078656733959
619.4678	0.214661596649454
619.69814	0.214010323852667
619.92848	0.213675448774848
620.15883	0.213731359431898
620.3892	0.213682486236528
620.61957	0.213283694619456
620.84996	0.212855051654281
621.08036	0.212605353513652
621.31077	0.212484367626199
621.54119	0.212234981035762
621.77162	0.211804172195352
622.00206	0.211303626415284
622.23252	0.211094467874702
622.46298	0.210760723512108
622.69345	0.210103647819669
622.92394	0.209449870821931
623.15444	0.209044468707525
623.38495	0.208521896315499
623.61547	0.207800944321203
623.846		0.207244828458764
624.07654	0.20687008792111
624.30709	0.206369164514903
624.53766	0.205921071696363
624.76823	0.205613915820281
624.99882	0.205499647636826
625.22941	0.205512560535763
625.46002	0.205527837978376
625.69064	0.205322328167932
625.92127	0.205162735403515
626.15191	0.204938360688193
626.38256	0.204567271132401
626.61322	0.204152187440141
626.8439	0.203770673268357
627.07458	0.203295703369541
627.30528	0.202928437430201
627.53598	0.202602615156958
627.7667	0.202349586873062
627.99743	0.201808161491004
628.22817	0.201204133479637
628.45892	0.200884389609433
628.68968	0.200584608373286
628.92045	0.200178491911934
629.15123	0.199718590992202
629.38203	0.199892267613737
629.61283	0.199901750496077
629.84365	0.198428892305578
630.07447	0.197139985603148
630.30531	0.197254537199512
630.53616	0.196683670722672
630.76702	0.195131371812389
630.99789	0.194149375763901
631.22877	0.194060168746172
631.45966	0.194564681891699
631.69057	0.194635725938587
631.92148	0.194150003105858
632.1524	0.194372273217363
632.38334	0.193253927196271
632.61429	0.190739219665764
632.84524	0.190274615679444
633.07621	0.190237825907347
633.30719	0.189337613007461
633.53818	0.188210340543733
633.76918	0.186920959827442
634.00019	0.186278979193891
634.23121	0.185664813033712
634.46225	0.185124209408501
634.69329	0.185467276280994
634.92435	0.184780027998029
635.15541	0.183195303112208
635.38649	0.183372666232869
635.61758	0.182873894470861
635.84867	0.180370726964202
636.07978	0.179213668246944
636.3109	0.179240476188209
636.54203	0.177701106978419
636.77317	0.177232354627701
637.00433	0.176789666325094
637.23549	0.175392156233309
637.46666	0.175286838026631
637.69785	0.17491131251138
637.92904	0.173163096074703
638.16025	0.17190308239531
638.39146	0.170194937286317
638.62269	0.169145996041565
638.85393	0.169645963482309
639.08518	0.168199646549074
639.31644	0.167852197914485
639.54771	0.167659651939124
639.77899	0.165917298208736
640.01028	0.164432112227388
640.24159	0.162880397139736
640.4729	0.161658980166322
640.70422	0.161191892154617
640.93556	0.161015767846121
641.1669	0.16099406651784
641.39826	0.160234298679188
641.62963	0.159748374933108
641.86101	0.158947683747719
642.09239	0.15689872337639
642.32379	0.155379995928582
642.5552	0.154357259744285
642.78662	0.154264115484292
643.01805	0.154176868912048
643.2495	0.153506529600839
643.48095	0.152109383146539
643.71241	0.151062181494833
643.94389	0.150370022749691
644.17537	0.149538891816829
644.40687	0.148646282257857
644.63837	0.147587594176301
644.86989	0.147477814567281
645.10142	0.146905727259255
645.33295	0.145765883777685
645.5645	0.14514023650329
645.79606	0.144260431967447
646.02763	0.143222797477989
646.25921	0.142557388176255
646.4908	0.142045619941206
646.7224	0.14164713707349
646.95402	0.141182448865527
647.18564	0.140092291539982
647.41727	0.139027213067228
647.64892	0.138295208298123
647.88057	0.137156482818018
648.11224	0.135857641023817
648.34391	0.134542622488793
648.5756	0.134080652677579
648.8073	0.134609900744146
649.03901	0.134629416559357
649.27072	0.133835350626863
649.50245	0.133284058569152
649.73419	0.132865858772456
649.96594	0.132270273433563
650.1977	0.131353052949909
650.42947	0.12999015322364
650.66126	0.128934902366232
650.89305	0.128096495422633
651.12485	0.12749202114894
651.35666	0.127157960893911
651.58849	0.126439239535501
651.82032	0.126070290869091
652.05217	0.126356130906026
652.28402	0.126104545787057
652.51589	0.125657600458377
652.74776	0.12506049120149
652.97965	0.12468242741876
653.21155	0.124846642465486
653.44346	0.124532010868314
653.67538	0.123707503264917
653.90731	0.122409647218749
654.13924	0.121076498647505
654.37119	0.120023840919685
654.60316	0.118931172578847
654.83513	0.118256051980762
655.06711	0.1173644477689
655.2991	0.116804966348113
655.5311	0.116280216284406
655.76312	0.115228488141966
655.99514	0.114874505101967
656.22717	0.114419620161013
656.45922	0.113400629686442
656.69127	0.113078851914373
656.92334	0.113301660237639
657.15541	0.112797061233958
657.3875	0.110787725495321
657.61959	0.109860433303359
657.8517	0.110313723129581
658.08382	0.10936888333793
658.31595	0.109063463131581
658.54809	0.108978417387495
658.78023	0.108012996265973
659.01239	0.10739500864822
659.24456	0.10637179615497
659.47674	0.105541463096253
659.70893	0.105326221066715
659.94113	0.104782413303352
660.17334	0.104666210113815
660.40557	0.10463577238212
660.6378	0.104013628633096
660.87004	0.103660554923442
661.10229	0.103808509238246
661.33455	0.103103962260018
661.56683	0.101984218130754
661.79911	0.101676749533095
662.03141	0.101583853434786
662.26371	0.10103440479498
662.49603	0.100148817494136
662.72835	0.099386364167658
662.96069	0.098950894960372
663.19303	0.098721831089639
663.42539	0.098226436924686
663.65775	0.097871697824418
663.89013	0.097037592940174
664.12252	0.095829787941523
664.35492	0.095109832876325
664.58732	0.09445624798348
664.81974	0.094135917408557
665.05217	0.093907387550515
665.28461	0.0940480740439
665.51706	0.093658079465345
665.74952	0.092703857243589
665.98199	0.092394536130844
666.21447	0.091730646473614
666.44696	0.090792387362383
666.67946	0.090041021447028
666.91197	0.089355665914402
667.14449	0.088858283297993
667.37702	0.088414834394802
667.60956	0.087908894862831
667.84211	0.087379715562713
668.07467	0.086895336504322
668.30725	0.086434678317832
668.53983	0.085830840199472
668.77242	0.08528146574139
669.00502	0.084807952830452
669.23764	0.084364148386358
669.47026	0.08385016862584
669.7029	0.083298860303885
669.93554	0.082769584885453
670.16819	0.082285142401345
670.40086	0.081833478677645
670.63353	0.081393037790116
670.86622	0.080862757203584
671.09891	0.080309523867704
671.33162	0.079769249684923
671.56433	0.079216339090573
671.79706	0.078691003024043
672.02979	0.07819372596171
672.26254	0.077698460595054
672.4953	0.077285335200619
672.72806	0.076840968090847
672.96084	0.076406192937033
673.19362	0.075942161729653
673.42642	0.075457480109817
673.65923	0.074951959517415
673.89205	0.074397163531403
674.12487	0.073832784968802
674.35771	0.073344177973112
674.59056	0.072954966994021
674.82342	0.07253090199668
675.05628	0.072018276530373
675.28916	0.071542804398533
675.52205	0.07104794024832
675.75495	0.070581015462961
675.98786	0.070066458221539
676.22077	0.069568200932925
676.4537	0.069168592790825
676.68664	0.068774357442125
676.91959	0.06823909565507
677.15255	0.067787953724923
677.38552	0.067412338142656
677.6185	0.067019175346305
677.85149	0.066597915683936
678.08449	0.066195345418482
678.3175	0.065714120973852
678.55051	0.065263132248703
678.78354	0.064894431348378
679.01658	0.064376035645709
679.24963	0.06392352961642
679.48269	0.063581637966456
679.71576	0.063128793734225
679.94884	0.062650461182097
680.18193	0.062277082155431
680.41503	0.061792275746418
680.64814	0.061344698194179
680.88126	0.060958902071029
681.11439	0.060517576128909
681.34753	0.060067017961128
681.58068	0.059678315964801
681.81384	0.059254223792497
682.04701	0.058835744156963
682.28019	0.058390355791899
682.51338	0.057974787363009
682.74658	0.057578474443085
682.97979	0.057166127827052
683.21301	0.05679885901638
683.44624	0.056509291706737
683.67948	0.056087659687044
683.91273	0.055708219716011
684.14599	0.055363076976999
684.37926	0.054977843690507
684.61254	0.054585685129064
684.84583	0.054176416929276
685.07913	0.053792344542911
685.31244	0.053485121221736
685.54576	0.053120899402724
685.77909	0.052685157979751
686.01243	0.052252446595019
686.24578	0.051857780406414
686.47914	0.051484505519387
686.71251	0.051118768670724
686.94589	0.050722252127434
687.17928	0.050368051325336
687.41268	0.050031538760799
687.64609	0.04973740206465
687.87951	0.049395262004147
688.11294	0.04903917021377
688.34638	0.048708910859687
688.57982	0.048394272864431
688.81328	0.048103257393734
689.04675	0.047836274075485
689.28023	0.047508160068789
689.51372	0.047099999755826
689.74722	0.046690871319528
689.98073	0.046369322031469
690.21424	0.046045226467524
690.44777	0.045711842184159
690.68131	0.045348596293375
690.91486	0.044976200870029
691.14842	0.044630964145765
691.38198	0.044345018671017
691.61556	0.043997400681713
691.84915	0.043632309834752
692.08274	0.043302064883444
692.31635	0.043001462233019
692.54997	0.042688679362646
692.78359	0.042397583592802
693.01723	0.042086962262492
693.25088	0.041767310035626
693.48453	0.041436182819136
693.7182	0.041161883377995
693.95187	0.040863586663362
694.18556	0.040568659085967
694.41925	0.040254577288712
694.65296	0.039996430991451
694.88667	0.039809284741256
695.1204	0.039540525589452
695.35413	0.03918252576584
695.58788	0.038476515495031
695.82163	0.038129787505389
696.0554	0.037868178251819
696.28917	0.037570661727663
696.52295	0.03719628744535
696.75675	0.036950188233291
696.99055	0.036751499465001
697.22436	0.036510988982155
697.45818	0.036228037128972
697.69202	0.035960846073901
697.92586	0.035670803782316
698.15971	0.035344922900964
698.39357	0.035040820203353
698.62744	0.034745498742509
698.86132	0.03443876596538
699.09521	0.034208429482582
699.32911	0.034019386686596
699.56302	0.033718629551888
699.79694	0.033459755792838
700.03087	0.033190751900059
700.26481	0.032939749680525
700.49876	0.032645303316485
700.73272	0.032364442285531
700.96669	0.032109034315218
701.20066	0.031823238903601
701.43465	0.031586210694767
701.66865	0.0313903874342
701.90266	0.031125146312907
702.13667	0.030841755340916
702.3707	0.030595107761646
702.60473	0.030350523682832
702.83878	0.030082658942991
703.07284	0.029872138998634
703.3069	0.029670524767747
703.54097	0.029492859928544
703.77506	0.029327915670392
704.00915	0.029101624728839
704.24326	0.028833196531586
704.47737	0.028540780298899
704.71149	0.028224544569672
704.94562	0.028004084884828
705.17977	0.027820827063647
705.41392	0.027673662229077
705.64808	0.027509904095777
705.88225	0.027326649992782
706.11643	0.027138188051491
706.35062	0.026937708663454
706.58482	0.026631198281782
706.81903	0.026366044573479
707.05325	0.026223449446571
707.28748	0.026045739105271
707.52171	0.025811003937462
707.75596	0.025620347142749
707.99022	0.025435710728875
708.22449	0.025275289716119
708.45876	0.025077123064399
708.69305	0.02486051249739
708.92734	0.0246371154364
709.16165	0.024416900424379
709.39596	0.024151534640154
709.63029	0.023924349897662
709.86462	0.0236999197022
710.09896	0.023498051342714
710.33332	0.023365231009235
710.56768	0.023234100902709
710.80205	0.023049488232506
711.03643	0.022871600638185
711.27082	0.022699480739177
711.50522	0.02253216313204
711.73963	0.022326508728522
711.97405	0.022163683396281
712.20848	0.022032317092731
712.44292	0.021921586550333
712.67737	0.021824338818022
712.91182	0.021661586960348
713.14629	0.021484145073329
713.38077	0.021312529502518
713.61525	0.021078384210944
713.84975	0.02092742137528
714.08425	0.020756073217683
714.31876	0.020588327823951
714.55329	0.020467875326347
714.78782	0.020313892796476
715.02236	0.020119660254844
715.25692	0.019967318194859
715.49148	0.019826070453642
715.72605	0.019650998337635
715.96063	0.019464387415176
716.19522	0.019320538652681
716.42982	0.019174626473464
716.66443	0.01902562929538
716.89904	0.018866736193237
717.13367	0.018741132212577
717.36831	0.018631449110761
717.60295	0.018477656701917
717.83761	0.018291513017464
718.07227	0.018186574308779
718.30695	0.018063405275569
718.54163	0.017914250804681
718.77633	0.017761742580542
719.01103	0.017592127037871
719.24574	0.017502479074654
719.48046	0.017353531392093
719.71519	0.017210971341656
719.94993	0.017080801001436
720.18468	0.016965236575826
720.41944	0.016795325379354
720.65421	0.016627050005571
720.88899	0.016567365487163
721.12377	0.01642879397847
721.35857	0.016229943144177
721.59337	0.016138241096918
721.82819	0.016071425993399
722.06301	0.015968059440246
722.29785	0.015830048192036
722.53269	0.015743164671705
722.76754	0.015641282637319
723.0024	0.015519530643905
723.23727	0.015398089879045
723.47216	0.015263235490454
723.70704	0.015142439934913
723.94194	0.015091638883209
724.17685	0.015037650856848
724.41177	0.014954879432211
724.6467	0.014825563275713
724.88163	0.014710216266446
725.11658	0.01457994924455
725.35153	0.014428011640497
725.58649	0.014301489800262
725.82147	0.0142165949587
726.05645	0.014122893849731
726.29144	0.014031836890221
726.52644	0.013893071468479
726.76145	0.013747594398253
726.99647	0.013645685418871
727.2315	0.013571496039911
727.46654	0.013486357439732
727.70158	0.013390496704948
727.93664	0.013256625341558
728.17171	0.013137826225503
728.40678	0.013040281990609
728.64187	0.012945195544626
728.87696	0.012846260630296
729.11206	0.012738404510352
729.34717	0.01262748519299
729.58229	0.012564876539506
729.81742	0.012477443408378
730.05256	0.012364272860436
730.28771	0.012239423568919
730.52287	0.012137419162303
730.75804	0.012058055083417
730.99321	0.012002732024447
731.2284	0.011893862672787
731.46359	0.011761217710376
731.69879	0.01166259581499
731.93401	0.011601384086059
732.16923	0.011526568647509
732.40446	0.011418877182163
732.6397	0.011310566012964
732.87495	0.011269780011222
733.11021	0.011181370345394
733.34547	0.011081343007918
733.58075	0.010997853636513
733.81604	0.010920479026106
734.05133	0.010838852410247
734.28664	0.010771896904224
734.52195	0.010655734545948
734.75727	0.010527494871069
734.9926	0.010469376792217
735.22794	0.010419920377608
735.46329	0.010326185470221
735.69865	0.010256571741433
735.93402	0.010201511235919
736.1694	0.010123917297894
736.40478	0.010016569994689
736.64018	0.009895765957265
736.87558	0.009812475878412
737.111		0.009766941425302
737.34642	0.009699003024453
737.58185	0.009623325897713
737.81729	0.009550086149883
738.05274	0.009512236399547
738.2882	0.00942129894662
738.52367	0.009280476627027
738.75914	0.009180711429496
738.99463	0.009127181681801
739.23012	0.009101957798315
739.46563	0.009025360385815
739.70114	0.008911254660028
739.93666	0.008858301536353
740.17219	0.008829153600005
740.40773	0.008733633716101
740.64328	0.008652228039761
740.87884	0.008574456570631
741.11441	0.00849205964075
741.34998	0.008455077786564
741.58557	0.008430390654969
741.82116	0.008351994150882
742.05676	0.008257466630368
742.29238	0.008189074543746
742.528		0.008145360419411
742.76363	0.008059252301086
742.99927	0.008015750700972
743.23491	0.007957256558927
743.47057	0.007880586288176
743.70624	0.007830375153683
743.94191	0.007782727459086
744.1776	0.007682366326421
744.41329	0.007584246268505
744.64899	0.007505074417704
744.8847	0.007445276339005
745.12042	0.007409094610783
745.35615	0.007388811229699
745.59189	0.007335869357458
745.82763	0.007266645160986
746.06339	0.007183380776584
746.29915	0.007103255274163
746.53493	0.007056403124822
746.77071	0.007051316701646
747.0065	0.00700890095847
747.2423	0.00695094987769
747.47811	0.006883605293229
747.71393	0.006809569395156
747.94975	0.006770074973965
748.18559	0.006739495201205
748.42143	0.006659709875458
748.65728	0.006604001042467
748.89315	0.006579841529235
749.12902	0.006551335480375
749.3649	0.006499298175367
749.60079	0.006443632365304
749.83668	0.006379668119724
750.07259	0.006340618042459
750.30851	0.006301412707395
750.54443	0.006250216125647
750.78036	0.006185047996716
751.0163	0.006126704447334
751.25226	0.006069069311732
751.48821	0.00603558062799
751.72418	0.006011811232409
751.96016	0.005956081124136
752.19615	0.005883529308143
752.43214	0.005839783810933
752.66814	0.005825703625835
752.90416	0.005822768120848
753.14018	0.005758820798123
753.37621	0.005698477101155
753.61225	0.005641732003769
753.8483	0.005595478596496
754.08435	0.005567997471651
754.32042	0.005534564201372
754.55649	0.005503940219205
754.79257	0.005375399558177
755.02867	0.005376430408417
755.26477	0.005333982193928
755.50087	0.005296894990932
755.73699	0.005269338272937
755.97312	0.005220885046097
756.20925	0.005168699998419
756.4454	0.005155554828935
756.68155	0.005131270031857
756.91771	0.005111973369284
757.15388	0.005067200536282
757.39006	0.005002878375946
757.62625	0.004961505861572
757.86245	0.004928846780802
758.09865	0.004869459785242
758.33487	0.004837089428382
758.57109	0.004839288082959
758.80732	0.004798187755918
759.04356	0.00472750813381
759.27981	0.004704490683659
759.51607	0.004673606500442
759.75233	0.004648950164336
759.98861	0.004612228403753
760.22489	0.004555154250952
760.46118	0.004528907890397
760.69748	0.004467532533703
760.93379	0.004443390672641
761.17011	0.004460612168102
761.40644	0.004451280507605
761.64278	0.004389987718574
761.87912	0.004346671368277
762.11547	0.004322565038123
762.35183	0.0042850807154
762.5882	0.004234529048001
762.82458	0.004205675953168
763.06097	0.00417727024639
763.29737	0.004168971738596
763.53377	0.004157411297431
763.77019	0.004127737079307
764.00661	0.004087461993281
764.24304	0.004066303208862
764.47948	0.004034215747017
764.71593	0.003985164294286
764.95238	0.00393860078562
765.18885	0.00390774146586
765.42532	0.003885041324944
765.6618	0.003865746964685
765.89829	0.003842055821136
766.13479	0.003832032579123
766.3713	0.003801387246623
766.60782	0.003765030680151
766.84434	0.003732228843685
767.08088	0.003732433078288
767.31742	0.003732477751685
767.55397	0.003693070842342
767.79053	0.0036318000079
768.0271	0.003615485887415
768.26367	0.003592303871563
768.50026	0.003566823198058
768.73685	0.003558311603905
768.97346	0.003553675141208
769.21007	0.003527066128822
769.44669	0.003513988364176
769.68331	0.003495426200853
769.91995	0.003461329220302
770.15659	0.003440462207856
770.39325	0.003429306225352
770.62991	0.003378886922635
770.86658	0.003356649125262
771.10326	0.003340855274069
771.33995	0.003301252104131
771.57664	0.003288479108258
771.81335	0.003308323927338
772.05006	0.003288749905375
772.28678	0.003245473178481
772.52351	0.003214848679695
772.76025	0.003226650555698
772.997		0.003196193852737
773.23375	0.003160653953569
773.47052	0.003148646307002
773.70729	0.003140149985053
773.94407	0.003113803551055
774.18086	0.003079100100183
774.41765	0.003058476825445
774.65446	0.003077665893353
774.89127	0.003056307213199
775.1281	0.003019925800004
775.36493	0.002983390524006
775.60177	0.002953407226893
775.83862	0.002902673654249
776.07547	0.002886748830006
776.31234	0.002921951135656
776.54921	0.002909782989791
776.78609	0.002865373240801
777.02298	0.002872914052095
777.25988	0.002825414798073
777.49679	0.002783547706306
777.7337	0.002781364677681
777.97063	0.002773749701849
778.20756	0.00277427498463
778.4445	0.002738823382943
778.68145	0.002688096235669
778.91841	0.002703616652917
779.15537	0.002678086402135
779.39235	0.002685187399149
779.62933	0.002675670643192
779.86632	0.00266110856171
780.10332	0.002625117623961
780.34033	0.002596547030682
780.57734	0.002624124816615
780.81437	0.002592450267684
781.0514	0.002596818464528
781.28844	0.002559323911293
781.52549	0.002511572326195
781.76255	0.002497849292841
781.99961	0.00247987518652
782.23669	0.002495476741535
782.47377	0.00250339822929
782.71086	0.002489184594356
782.94796	0.0024983381414
783.18507	0.002479976921908
783.42218	0.002460398919542
783.6593	0.002391257251698
783.89644	0.002380127481097
784.13358	0.002382327193502
784.37073	0.002339600179334
784.60788	0.002347021054196
784.84505	0.002357788046202
785.08222	0.002313883357945
785.3194	0.002262615264929
785.55659	0.00223826679874
785.79379	0.002255775235325
786.031		0.002261144457816
786.26821	0.00224042522004
786.50544	0.002204979567201
786.74267	0.002191569469286
786.97991	0.002171338579436
787.21716	0.002175824435491
787.45441	0.002156888297617
787.69168	0.002130484190746
787.92895	0.002121933142948
788.16623	0.002119384842712
788.40352	0.002092953249315
788.64081	0.002055850724268
788.87812	0.002043922660118
789.11543	0.00206353878668
789.35275	0.002056554369451
789.59008	0.002066045126529
789.82742	0.002056585699322
790.06477	0.002035082080375
790.30212	0.00202828599595
790.53949	0.00201831615508
790.77686	0.002005543867016
791.01424	0.001990283626446
791.25162	0.001957272856577
791.48902	0.001980678903193
791.72642	0.002006181857549
791.96383	0.002039792524317
792.20125	0.001994124097455
792.43868	0.001894747592025
792.67612	0.001914025357302
792.91356	0.001975184466772
793.15101	0.001936463555199
793.38847	0.001909418642339
793.62594	0.001900933137061
793.86342	0.001922156020387
794.1009	0.001924908325736
794.3384	0.001877493409248
794.5759	0.001821304687821
794.81341	0.001791579014211
795.05092	0.001769118864702
795.28845	0.00179475526281
795.52598	0.001822408805696
795.76352	0.001822974517154
796.00107	0.001762428095233
796.23863	0.001667891788983
796.4762	0.001657338214269
796.71377	0.00170204589622
796.95135	0.001712028438304
797.18894	0.0017461043365
797.42654	0.001753874031121
797.66415	0.001747693135572
797.90176	0.001732785818546
798.13938	0.001724190460059
798.37701	0.001681117449194
798.61465	0.001637166891764
798.8523	0.001630771180785
799.08995	0.001634422044548
799.32761	0.001636288295714
799.56528	0.001674142902562
799.80296	0.001627227913869
800.04065	0.00161649530225
800.27834	0.001621996709978
800.51605	0.001578670596025
800.75376	0.001549228566097
800.99147	0.001535926104452
801.2292	0.001567593650893
801.46694	0.001596858379227
801.70468	0.001554687029549
801.94243	0.001524355788233
802.18019	0.001501001659095
802.41795	0.00151595588128
802.65573	0.001553004791684
802.89351	0.001550073375437
803.1313	0.001532856878402
803.3691	0.001491214555253
803.6069	0.001498565485446
803.84472	0.001481669589768
804.08254	0.00148713696427
804.32037	0.001516077085317
804.55821	0.001521511343944
804.79605	0.001489341798216
805.03391	0.001491078750151
805.27177	0.001482565912774
805.50964	0.001444832811565
805.74752	0.001397566046671
805.9854	0.001401175805948
806.2233	0.001441641114551
806.4612	0.001482153410252
806.69911	0.001463627459864
806.93702	0.001449763516424
807.17495	0.001454045552376
807.41288	0.001407010702985
807.65082	0.001362932458647
807.88877	0.001357055615895
808.12673	0.001369501317545
808.36469	0.00139738064523
808.60266	0.001384574962815
808.84064	0.00134799551957
809.07863	0.001335781736795
809.31663	0.001368912111654
809.55463	0.001348160652255
809.79264	0.001284183514475
810.03066	0.001243787256011
810.26869	0.001246219779904
810.50672	0.001236005631704
810.74477	0.001265553081479
810.98282	0.001272571486627
811.22088	0.001249876957853
811.45894	0.001236569545271
811.69702	0.00124115800978
811.9351	0.001210288438654
812.17319	0.001201616904773
812.41129	0.001234681014048
812.64939	0.001255597880013
812.88751	0.001256983962558
813.12563	0.001255943207355
813.36376	0.001214216374156
813.60189	0.001216305696343
813.84004	0.001244260681417
814.07819	0.001246447425566
814.31635	0.001214526257877
814.55452	0.001212390210715
814.79269	0.001303434789969
815.03088	0.001262596504323
815.26907	0.001172420636656
815.50727	0.001149772556263
815.74547	0.001182099915972
815.98369	0.001169471183432
816.22191	0.001174614045509
816.46014	0.001176225185754
816.69838	0.001130680829466
816.93662	0.001094962021054
817.17488	0.001121349995424
817.41314	0.001145383307247
817.65141	0.001127500299543
817.88968	0.001087625289995
818.12797	0.001130614430482
818.36626	0.001157745472518
818.60456	0.001119536929315
818.84286	0.001116768258055
819.08118	0.001150940751997
819.3195	0.001146275172857
819.55783	0.001111714717321
819.79617	0.001098446001188
820.03451	0.001119665328574
820.27287	0.001096847737932
820.51123	0.001075723933267
820.7496	0.001056057541423
820.98797	0.001080427976096
821.22636	0.001081485838113
821.46475	0.001007308250639
821.70315	0.001016478306563
821.94155	0.001067706265423
822.17997	0.001037991711949
822.41839	0.001055645496917
822.65682	0.001048176905234
822.89526	0.001048430834047
823.1337	0.001066561819103
823.37216	0.001025305352903
823.61062	0.001009748645579
823.84908	0.001076100257432
824.08756	0.001052888608168
824.32604	0.001037278298036
824.56453	0.001031756755437
824.80303	0.000979015685094
825.04154	0.000961835587513
825.28005	0.00094684960861
825.51857	0.001006225713686
825.7571	0.001017485483564
825.99564	0.000990019682071
826.23418	0.00095936479185
826.47273	0.000931512585756
826.71129	0.000922166343004
826.94986	0.000934655686668
827.18843	0.000939386100671
827.42701	0.000936443215406
827.6656	0.000959550621374
827.9042	0.000958757905679
828.1428	0.000952789226633
828.38141	0.000989004908292
828.62003	0.00097424821302
828.85866	0.000935427225003
829.0973	0.000913481055567
829.33594	0.000921916693489
829.57459	0.000917110667318
829.81324	0.000919219686889
830.05191	0.000917762016761
830.29058	0.000940792918062
830.52926	0.000946623242031
830.76795	0.000931166096227
831.00664	0.000935906443885
831.24534	0.00094397412353
831.48405	0.000885913292374
831.72277	0.000866090041613
831.96149	0.000902477846417
832.20023	0.000930475275425
832.43897	0.000922250471239
832.67771	0.000910463087101
832.91647	0.00087482485528
833.15523	0.000870015659496
833.394		0.000861007673774
833.63277	0.000852477367278
833.87156	0.000858939350951
834.11035	0.000891966356796
834.34915	0.000896821240643
834.58796	0.000844512993827
834.82677	0.00082033417308
835.06559	0.00084431571349
835.30442	0.000823557517483
835.54326	0.000791662207085
835.7821	0.00077407480803
836.02095	0.000786749117049
836.25981	0.0007904217914
836.49867	0.000798136156905
836.73755	0.000828319780608
836.97643	0.000858391561642
837.21532	0.000835517639599
837.45421	0.000813419366213
837.69311	0.000807259168866
837.93203	0.000802394202044
838.17094	0.000774287307636
838.40987	0.000756371072511
838.6488	0.00075802008021
838.88774	0.000778847645788
839.12669	0.000801623349561
839.36564	0.000820172887462
839.6046	0.000790932893981
839.84357	0.000778220175481
840.08255	0.000750415376454
840.32153	0.00074571454865
840.56052	0.000764024336523
840.79952	0.000746351850811
841.03853	0.000745785366114
841.27754	0.000807401604938
841.51656	0.000811257865469
841.75559	0.000815418579077
841.99462	0.000816677592596
842.23367	0.000787167290492
842.47272	0.000772312144771
842.71177	0.000779935351709
842.95084	0.000787616810523
843.18991	0.000776895756037
843.42899	0.000763556517117
843.66807	0.000770142527498
843.90717	0.000760044451723
844.14627	0.000759044686152
844.38538	0.000738138641965
844.62449	0.00071854263055
844.86361	0.000729416150125
845.10274	0.000770961917626
845.34188	0.000777318838272
845.58102	0.00077707832882
845.82018	0.000756208748022
846.05934	0.000743588243234
846.2985	0.000759532529533
846.53767	0.00076912374824
846.77685	0.000698842507202
847.01604	0.000657131853371
847.25524	0.000699736102146
847.49444	0.000721212552992
847.73365	0.000714946179496
847.97287	0.000719726737491
848.21209	0.000712376975359
848.45132	0.000683919843337
848.69056	0.000727577846913
848.9298	0.000727009874671
849.16906	0.000670322887269
849.40832	0.00073082942775
849.64758	0.000749576352013
849.88686	0.000746651541385
850.12614	0.000735182715428
850.36543	0.000690502005887
850.60472	0.000662335351656
850.84403	0.000647975171408
851.08334	0.000721423612727
851.32265	0.0007495024168
851.56198	0.000745798040336
851.80131	0.000697545678527
852.04065	0.000668807638401
852.27999	0.000677290570766
852.51935	0.000659010360562
852.75871	0.000659601024638
852.99807	0.000682085481305
853.23745	0.000677904261033
853.47683	0.000673620664279
853.71622	0.000625362023222
853.95561	0.000632777387442
854.19502	0.00067945365219
854.43443	0.000687035343538
854.67384	0.000673144257126
854.91327	0.000685545611391
855.1527	0.00068326426781
855.39214	0.000649501968638
855.63158	0.000667343874548
855.87103	0.000736495656248
856.11049	0.000732143822245
856.34996	0.000683879101687
856.58943	0.000654824930017
856.82892	0.000636205018744
857.0684	0.000634570457455
857.3079	0.000660792779563
857.5474	0.000665692272937
857.78691	0.000677643547531
858.02642	0.00068751812083
858.26595	0.000699947969213
858.50548	0.000665948927986
858.74502	0.000613851626426
858.98456	0.000603678164797
859.22411	0.000628495942742
859.46367	0.000625418374359
859.70323	0.000604889082442
859.94281	0.000585455800278
860.18239	0.00059627485233
860.42197	0.000615167151363
860.66156	0.000624275809417
860.90116	0.000597431950531
861.14077	0.000577179370077
861.38039	0.000612164913231
861.62001	0.000650072986426
861.85964	0.000625831124514
862.09927	0.000622636044091
862.33891	0.000631905011991
862.57856	0.000659974362293
862.81822	0.000664327866402
863.05788	0.000651462771735
863.29755	0.000631459997619
863.53723	0.000596335157137
863.77691	0.00058935918408
864.0166	0.000642634723596
864.2563	0.000660478213284
864.49601	0.000623047408883
864.73572	0.000596345955549
864.97544	0.000642598173978
865.21516	0.000660834309847
865.45489	0.00064795507398
865.69463	0.000638742833771
865.93438	0.000627934840111
866.17413	0.000620545565407
866.41389	0.000687134579646
866.65366	0.000719330504276
866.89343	0.000699069569983
867.13321	0.000656641079771
867.373		0.000648535527046
867.6128	0.000687735893379
867.8526	0.000686080721223
868.09241	0.000673220627281
868.33222	0.000665701802098
868.57204	0.000660269352849
868.81187	0.000671515915023
869.05171	0.000687160622765
869.29155	0.000703233609606
869.5314	0.000664553213076
869.77126	0.000688122908462
870.01112	0.000693576713174
870.25099	0.000633156415746
870.49087	0.000620267452663
870.73075	0.000644965556599
870.97064	0.000639485538724
871.21054	0.000656419563125
871.45044	0.000652209917464
871.69035	0.000645601191496
871.93027	0.000640421616013
872.1702	0.000640859692949
872.41013	0.000631149160249
872.65007	0.000636129130291
872.89001	0.000680772972193
873.12996	0.000697508183498
873.36992	0.000660202013637
873.60989	0.000655301681745
873.84986	0.000715149607224
874.08984	0.000758894672152
874.32982	0.000688515944742
874.56982	0.000670134320104
874.80982	0.000635717988981
875.04982	0.000624325297962
875.28983	0.000663177348932
875.52985	0.000496488657763
875.76988	0.000736097795239
876.00991	0.000720026890196
876.24995	0.000667807918256
876.49		0.000730266491652
876.73005	0.00071588207339
876.97011	0.000670219663369
877.21018	0.000697566560322
877.45025	0.000699103048493
877.69033	0.000692902918627
877.93042	0.000733673179485
878.17051	0.000689398326172
878.41061	0.000665015887967
878.65072	0.000695020685674
878.89084	0.000684190616175
879.13096	0.000648812516857
879.37108	0.000642439060977
879.61122	0.000643723670051
879.85136	0.000632690825851
880.0915	0.000676605551199
880.33166	0.000679505010398
880.57182	0.000652145999434
880.81199	0.000648453347585
881.05216	0.000619688124201
881.29234	0.000696443366815
881.53253	0.000791763714974
881.77272	0.000788202011293
882.01292	0.000740249068026
882.25313	0.000692262390148
882.49334	0.000684987609968
882.73356	0.000701363544026
882.97379	0.000663222006496
883.21402	0.00067766323699
883.45426	0.000708750834915
883.69451	0.000683473417596
883.93476	0.000641053624307
884.17502	0.000648995256037
884.41529	0.000689689006118
884.65556	0.000707577317807
884.89584	0.000665925595127
885.13613	0.000670899223515
885.37642	0.000656432023371
885.61672	0.000669480213164
885.85703	0.000715044406277
886.09734	0.000727071773154
886.33766	0.000746929677227
886.57799	0.000798131774607
886.81832	0.000764305984702
887.05866	0.00069392141626
887.29901	0.000706981170098
887.53936	0.000773364033942
887.77972	0.000769133346063
888.02008	0.000765739462399
888.26045	0.00074247007446
888.50083	0.000711922897258
888.74122	0.000767759376662
888.98161	0.000803166255516
889.22201	0.000722151134099
889.46241	0.000694064538503
889.70282	0.000752104452795
889.94324	0.000768202492973
890.18366	0.000707837519464
890.42409	0.000725144187074
890.66453	0.000770047304545
890.90497	0.000829335878256
891.14542	0.000862116451435
891.38588	0.000824523592645
891.62634	0.000735336885545
891.86681	0.000668142367244
892.10729	0.000651994292554
892.34777	0.000695010900732
892.58826	0.000716677245922
892.82876	0.000721993674373
893.06926	0.000729163545383
893.30977	0.000781768240055
893.55028	0.000810399841829
893.7908	0.000788706016658
894.03133	0.000772952779973
894.27186	0.000783739366289
894.51241	0.000795590349382
894.75295	0.000851572903151
894.99351	0.000840689404354
895.23407	0.000751704041751
895.47463	0.000765495554403
895.7152	0.000901055164435
895.95578	0.000888404357276
896.19637	0.000784955568537
896.43696	0.000771650513763
896.67756	0.000861784037816
896.91816	0.000898436279878
897.15878	0.000836820579618
897.39939	0.000782294021782
897.64002	0.000801761552006
897.88065	0.000821133622848
898.12128	0.000865505005743
898.36193	0.000909179813249
898.60258	0.00090906196775
898.84323	0.000939167839422
899.08389	0.000946616833501
899.32456	0.000818201119821
899.56524	0.000813875082207
899.80592	0.000828218237092
900.04661	0.000771457106692
900.2873	0.000759062780684
900.528		0.000808368679275
900.76871	0.000914482783608
901.00942	0.000935761331364
901.25014	0.00085234989125
901.49087	0.000840491912295
901.7316	0.000862480759848
901.97234	0.000900919454715
902.21308	0.000868383705233
902.45383	0.000977542082462
902.69459	0.000991956880969
902.93535	0.000916890177389
903.17612	0.000911745558255
903.4169	0.000793038222041
903.65768	0.000744713123789
903.89847	0.000852169810593
904.13926	0.000885518342429
904.38006	0.000818154211413
904.62087	0.000721765216004
904.86169	0.000801580301272
905.10251	0.000881096425107
905.34333	0.000874614360898
905.58416	0.000962334882347
905.825		0.000877701199772
906.06585	0.000770818535462
906.3067	0.000762100894414
906.54756	0.000830182966131
906.78842	0.000949687180704
907.02929	0.001004996713652
907.27017	0.001007712247686
907.51105	0.000906215330769
907.75194	0.000868367316657
907.99283	0.000829857243194
908.23373	0.000819554842621
908.47464	0.000916408840698
908.71555	0.000960592561667
908.95647	0.000960715402278
909.1974	0.000934369343554
909.43833	0.000970136056983
909.67927	0.00096940336824
909.92021	0.000945327816578
910.16116	0.000962537821482
910.40212	0.000897222913207
910.64308	0.0008883341009
910.88405	0.000963260928605
911.12503	0.000922188266575
911.36601	0.000948910020662
911.607		0.000991704654279
911.84799	0.000863473121697
912.08899	0.000751722800529
912.33		0.000830127862005
912.57101	0.000841871411856
912.81203	0.000913522110222
913.05305	0.000946778824574
913.29408	0.000843238834124
913.53512	0.000848689393791
913.77616	0.000916820652461
914.01721	0.000858939060341
914.25827	0.000806029523106
914.49933	0.00091615753796
914.74039	0.001014675182541
914.98147	0.000924664405295
915.22255	0.000915782716362
915.46363	0.000931783108658
915.70472	0.000900019452121
915.94582	0.00082781442267
916.18693	0.000842012660336
916.42804	0.000935898223385
916.66915	0.000933570129506
916.91027	0.000947242126501
917.1514	0.000994644963712
917.39254	0.000995357646227
917.63368	0.000995510136171
917.87482	0.000927555807718
918.11597	0.000850877279195
918.35713	0.000902491217492
918.5983	0.001013233446802
918.83947	0.000988379684391
919.08064	0.000968626080303
919.32183	0.000960325035459
919.56301	0.000912509853592
919.80421	0.00091439873105
920.04541	0.001023865873399
920.28662	0.001096388473894
920.52783	0.001082912187816
920.76905	0.001004139484852
921.01027	0.000936245916622
921.2515	0.000855172623897
921.49274	0.000872542921216
921.73398	0.001003255113981
921.97523	0.001004999794912
922.21648	0.000926395817967
922.45774	0.000960140581538
922.69901	0.001004647233427
922.94028	0.00106625019084
923.18156	0.001048994566059
923.42285	0.000998656433213
923.66414	0.001024269505059
923.90543	0.001049708399951
924.14673	0.001011749060509
924.38804	0.00103037579129
924.62936	0.001080957635102
924.87068	0.001093950466355
925.112		0.00102967552531
925.35333	0.000962298415043
925.59467	0.000885208433158
925.83602	0.000887821456826
926.07737	0.000926438618804
926.31872	0.000949094642802
926.56008	0.001005757916882
926.80145	0.001069442980387
927.04282	0.001101152679851
927.2842	0.001092647262309
927.52559	0.001052158963923
927.76698	0.001017581137374
928.00837	0.000923840935626
928.24978	0.00093481195539
928.49119	0.000939556633048
928.7326	0.000965634331819
928.97402	0.001043938697046
929.21545	0.000994968596966
929.45688	0.000960934966862
929.69832	0.000946043164815
929.93976	0.000902137771969
930.18121	0.000982313313724
930.42267	0.001073699070503
930.66413	0.001120360900488
930.90559	0.001170174297862
931.14707	0.00112214374673
931.38855	0.001015860766407
931.63003	0.001062575812952
931.87152	0.001083641263685
932.11302	0.001067718487453
932.35452	0.001061616000827
932.59603	0.001087197444187
932.83754	0.001128598251576
933.07906	0.001121255819525
933.32059	0.001022361264303
933.56212	0.001058121456285
933.80365	0.001166522678727
934.0452	0.00115935321824
934.28674	0.001135145976708
934.5283	0.001048953816438
934.76986	0.001060903397937
935.01142	0.00118306833325
935.253		0.001170239821123
935.49457	0.001184093992371
935.73616	0.001181882674823
935.97774	0.001275811460207
936.21934	0.001368952802861
936.46094	0.001371004339366
936.70254	0.001626827745354
936.94416	0.001301594922623
937.18577	0.001221653279099
937.4274	0.001121484188352
937.66903	0.001172939721469
937.91066	0.001243843995567
938.1523	0.001149749868206
938.39395	0.001058612365815
938.6356	0.001125547863092
938.87726	0.001248463082129
939.11892	0.001238576922636
939.36059	0.001228839850903
939.60226	0.001296297091763
939.84394	0.001166919759099
940.08563	0.001219553773438
940.32732	0.001308101877966
940.56902	0.001258863252348
940.81072	0.001255204011075
941.05243	0.001317427552568
941.29414	0.001405932808692
941.53586	0.001448738847832
941.77759	0.001353918321649
942.01932	0.001300031729359
942.26106	0.001261016810931
942.5028	0.001430669648493
942.74455	0.001426566396015
942.9863	0.001339086248319
943.22806	0.001450095552877
943.46983	0.001504089295879
943.7116	0.001521557768423
943.95337	0.001501096813334
944.19516	0.001426540661297
944.43694	0.001344116981797
944.67874	0.001303704756623
944.92054	0.001447540618498
945.16234	0.00155477433085
945.40415	0.001424783657222
945.64596	0.001436695321217
945.88779	0.001472558468528
946.12961	0.001493118538299
946.37145	0.001392544983667
946.61328	0.001293928107436
946.85513	0.001385734448569
947.09698	0.001419653833391
947.33883	0.001672099196473
947.58069	0.001978364488094
947.82256	0.001819827766656
948.06443	0.001541036123
948.3063	0.001559302796025
948.54819	0.001457125864521
948.79007	0.00124459683511
949.03197	0.001406764907094
949.27387	0.001511641498509
949.51577	0.001445541689881
949.75768	0.001385699752736
949.9996	0.001424922220442
950.24152	0.001435939144059
950.48344	0.001620842415598
950.72538	0.001683384582969
950.96731	0.001546917827199
951.20926	0.001485273688121
951.45121	0.001385871841879
951.69316	0.001199925860567
951.93512	0.001263207482798
952.17708	0.001419219077483
952.41906	0.001474050567641
952.66103	0.001519075116678
952.90301	0.001446000427454
953.145		0.001449835340225
953.38699	0.001532010199203
953.62899	0.001361584268534
953.87099	0.001256209449183
954.113		0.001287742974536
954.35502	0.001299992913577
954.59704	0.001361821450787
954.83906	0.001402761522218
955.08109	0.001300717161557
955.32313	0.001357649238835
955.56517	0.001469205781232
955.80722	0.001415697082162
956.04927	0.001391574876124
956.29133	0.0014090797399
956.53339	0.001359500217223
956.77546	0.001392408973195
957.01753	0.001474409726048
957.25961	0.001501755460563
957.5017	0.001427039044994
957.74379	0.001347525713416
957.98588	0.001326083163925
958.22798	0.001373118068885
958.47009	0.001391608750771
958.7122	0.001406188862774
958.95432	0.001432454199313
959.19644	0.001458845812863
959.43857	0.001503893376278
959.6807	0.001530346127319
959.92284	0.001379117334967
960.16498	0.001412496576101
960.40713	0.001479564117359
960.64929	0.001420772857404
960.89145	0.00142728106297
961.13361	0.00144668551366
961.37578	0.001442932774322
961.61796	0.001415932162815
961.86014	0.001356588518314
962.10233	0.001329153308722
962.34452	0.001303256161241
962.58671	0.001381959746302
962.82892	0.001521893120069
963.07112	0.001481252560408
963.31334	0.001335551813243
963.55556	0.001240990068706
963.79778	0.001179339103976
964.04001	0.001309809827203
964.28224	0.001419778988752
964.52448	0.001400069010362
964.76673	0.00147982509494
965.00898	0.001530524870816
965.25123	0.00138550645002
965.49349	0.00128228950757
965.73576	0.00135515342601
965.97803	0.001501730051596
966.22031	0.001482685642438
966.46259	0.001315046664675
966.70488	0.001211723625621
966.94717	0.001271130169145
967.18946	0.001402990024027
967.43177	0.001553246198753
967.67408	0.001466429535319
967.91639	0.001383018525541
968.15871	0.001516792306481
968.40103	0.001589065412375
968.64336	0.00156544959395
968.88569	0.001506762331811
969.12803	0.00143397426261
969.37038	0.001493106957808
969.61273	0.001508155185978
969.85508	0.00150382520091
970.09744	0.001482477466777
970.3398	0.001429232635925
970.58218	0.001466475775438
970.82455	0.001510851714864
971.06693	0.001425668665641
971.30932	0.001375676567474
971.55171	0.001427232911175
971.7941	0.001503285203188
972.03651	0.001545440858189
972.27891	0.001454358305127
972.52132	0.001341756439429
972.76374	0.00147707016401
973.00616	0.001488502875981
973.24859	0.001359004262693
973.49102	0.001412310978567
973.73346	0.001438610489866
973.9759	0.001386600259511
974.21835	0.001390900249513
974.4608	0.00143210055757
974.70326	0.001478363513593
974.94572	0.001404454762853
975.18819	0.001403566057583
975.43066	0.001542513014274
975.67314	0.001601664610227
975.91562	0.001557406235252
976.15811	0.001563985689978
976.40061	0.001533548678591
976.6431	0.001531061174937
976.88561	0.001576638369598
977.12812	0.001657833395147
977.37063	0.001741549342614
977.61315	0.001798116846013
977.85567	0.001699166060829
978.0982	0.001533879488874
978.34074	0.001567556701065
978.58327	0.001594652052499
978.82582	0.001537309128129
979.06837	0.001595045259139
979.31092	0.001600220129964
979.55348	0.001693571883915
979.79604	0.001728652802856
980.03861	0.00169715357588
980.28119	0.001688085182727
980.52377	0.001560893047875
980.76635	0.001472053624981
981.00894	0.001554245026107
981.25154	0.001638677303915
981.49413	0.001645906007431
981.73674	0.001526790622731
981.97935	0.001552495520429
982.22196	0.001716525483592
982.46458	0.001719437634403
982.70721	0.001666916257205
982.94983	0.001841615081872
983.19247	0.001786243699605
983.43511	0.001605284844463
983.67775	0.001776548298849
983.9204	0.001862830705698
984.16306	0.001704128629813
984.40571	0.001618803528643
984.64838	0.001703437953517
984.89105	0.001814804871972
985.13372	0.001691299522926
985.3764	0.001595566661188
985.61908	0.001776762045604
985.86177	0.00191251186483
986.10447	0.001884158929608
986.34716	0.001859108420368
986.58987	0.001748072367111
986.83258	0.001754560967067
987.07529	0.001977155426655
987.31801	0.0020682646382
987.56073	0.002141342784295
987.80346	0.002202176640567
988.04619	0.001989720008307
988.28893	0.001805431243822
988.53167	0.001720879863243
988.77442	0.001662865790452
989.01717	0.001749360563333
989.25993	0.002040713344838
989.50269	0.002088732530431
989.74546	0.001999892731379
989.98823	0.001963361397868
990.23101	0.001774450172278
990.47379	0.001764223272544
990.71657	0.001907613285865
990.95937	0.001925103128673
991.20216	0.002029592233115
991.44496	0.001948219191968
991.68777	0.001994513852402
991.93058	0.002205035081532
992.17339	0.002230029767046
992.41621	0.002082472204683
992.65904	0.002086513308789
992.90187	0.002164376402444
993.1447	0.002183600613369
993.38754	0.002278446518499
993.63039	0.002202589642236
993.87324	0.002205187047394
994.11609	0.002391201237676
994.35895	0.002197091188878
994.60181	0.002105446136092
994.84468	0.002081378530965
995.08755	0.001967896588355
995.33043	0.002094875247226
995.57331	0.002162257721997
995.8162	0.002042530945313
996.05909	0.002201683902489
996.30199	0.002146878857595
996.54489	0.002081748053114
996.7878	0.00223797364997
997.03071	0.002359922361183
997.27363	0.002452885383424
997.51655	0.002677949935964
997.75947	0.002729004922231
998.0024	0.00244572373416
998.24534	0.002490165867485
998.48828	0.001892367286956
998.73122	0.002543964889041
998.97417	0.002506003655892
999.21712	0.002454653495258
999.46008	0.002586613251197
999.70304	0.002671802318782
999.94601	0.002789983620362
1000.18898	0.002776304546818
1000.43196	0.001760200593069
1000.67494	9.19280784883235e-05
1000.91793	0
1001.16092	0
1001.40392	0
1001.64692	0
1001.88992	0
1002.13293	0
1002.37595	0
1002.61897	0
1002.86199	0
1003.10502	0
1003.34805	0
1003.59109	0
1003.83413	0
1004.07718	0
1004.32023	0
1004.56329	0
1004.80635	0
1005.04941	0
1005.29248	0
1005.53556	0
1005.77864	0
1006.02172	0
1006.26481	0
1006.5079	0
1006.751	0
1006.9941	0
1007.23721	0
1007.48032	0
1007.72344	0
1007.96656	0
1008.20968	0
1008.45281	0
1008.69595	0
1008.93909	0
1009.18223	0
1009.42538	0
1009.66853	0
1009.91169	0
1010.15485	0
1010.39801	0
1010.64118	0
1010.88436	0
1011.12754	0
1011.37072	0
1011.61391	0
1011.8571	0
1012.1003	0
1012.3435	0
1012.58671	0
1012.82992	0
1013.07314	0
1013.31636	0
1013.55958	0
1013.80281	0
1014.04604	0
1014.28928	0
1014.53252	0
1014.77577	0
1015.01902	0
1015.26228	0
1015.50554	0
1015.7488	0
1015.99207	0
1016.23535	0
1016.47862	0
1016.72191	0
1016.96519	0
1017.20848	0
1017.45178	0
1017.69508	0
1017.93838	0
1018.18169	0
1018.425	0
1018.66832	0
1018.91164	0
1019.15497	0
1019.3983	0
1019.64164	0
1019.88498	0
1020.12832	0
1020.37167	0
1020.61502	0
1020.85838	0
1021.10174	0
1021.3451	0
1021.58847	0
1021.83185	0
1022.07523	0
1022.31861	0
1022.562	0
1022.80539	0
1023.04878	0
1023.29218	0
1023.53559	0
1023.779	0
1024.02241	0
1024.26583	0
1024.50925	0
1024.75268	0
1024.99611	0
1025.23954	0
1025.48298	0
1025.72642	0
1025.96987	0
1026.21332	0
1026.45678	0
1026.70024	0
1026.9437	0
1027.18717	0
1027.43064	0
