2.120000000000000107e+00 -1.209999999999999964e-01
2.125066666666666659e+00 -1.179999999999999938e-01
2.130133333333333212e+00 -1.140000000000000041e-01
2.134933333333333572e+00 -1.120000000000000023e-01
2.140000000000000124e+00 -1.130000000000000032e-01
2.145066666666666677e+00 -1.120000000000000023e-01
2.150133333333333674e+00 -1.069999999999999979e-01
2.154933333333333145e+00 -1.039999999999999952e-01
2.159999999999999698e+00 -1.019999999999999934e-01
2.165066666666666695e+00 -1.010000000000000064e-01
2.170133333333333248e+00 -9.900000000000000466e-02
2.174933333333333607e+00 -9.900000000000000466e-02
2.180000000000000160e+00 -9.400000000000000022e-02
2.185066666666666713e+00 -9.500000000000000111e-02
2.190133333333333265e+00 -9.299999999999999933e-02
2.194933333333333181e+00 -8.899999999999999578e-02
2.200000000000000178e+00 -9.099999999999999756e-02
2.205066666666666730e+00 -8.500000000000000611e-02
2.210133333333333283e+00 -8.599999999999999312e-02
2.214933333333333199e+00 -8.300000000000000433e-02
2.219999999999999751e+00 -8.100000000000000255e-02
2.225066666666666304e+00 -7.799999999999999989e-02
2.230133333333333301e+00 -8.100000000000000255e-02
2.234933333333333216e+00 -7.499999999999999722e-02
2.240000000000000213e+00 -7.499999999999999722e-02
2.245066666666666766e+00 -7.399999999999999634e-02
2.250133333333333319e+00 -7.000000000000000666e-02
2.254933333333333234e+00 -7.199999999999999456e-02
2.259999999999999787e+00 -6.700000000000000400e-02
2.265066666666666784e+00 -6.700000000000000400e-02
2.270133333333333336e+00 -6.199999999999999956e-02
2.274933333333333252e+00 -6.099999999999999867e-02
2.280000000000000249e+00 -6.099999999999999867e-02
2.285066666666666801e+00 -5.600000000000000117e-02
2.290133333333332910e+00 -5.700000000000000205e-02
2.294933333333333270e+00 -5.299999999999999850e-02
2.299999999999999822e+00 -5.299999999999999850e-02
2.305066666666666819e+00 -4.900000000000000189e-02
2.310133333333333372e+00 -4.599999999999999922e-02
2.314933333333333287e+00 -4.499999999999999833e-02
2.319999999999999840e+00 -4.800000000000000100e-02
2.325066666666666393e+00 -4.100000000000000172e-02
2.330133333333333390e+00 -4.399999999999999745e-02
2.334933333333333305e+00 -3.599999999999999728e-02
2.339999999999999858e+00 -3.899999999999999994e-02
2.345066666666666855e+00 -3.400000000000000244e-02
2.350133333333333407e+00 -3.300000000000000155e-02
2.354933333333333323e+00 -2.999999999999999889e-02
2.359999999999999876e+00 -2.900000000000000147e-02
2.365066666666666428e+00 -2.599999999999999881e-02
2.370133333333333425e+00 -2.199999999999999872e-02
2.374933333333333341e+00 -2.400000000000000050e-02
2.380000000000000338e+00 -1.899999999999999953e-02
2.385066666666666890e+00 -1.799999999999999864e-02
2.390133333333332999e+00 -1.799999999999999864e-02
2.394933333333333358e+00 -1.499999999999999944e-02
2.399999999999999911e+00 -1.099999999999999936e-02
2.405066666666666464e+00 -1.000000000000000021e-02
2.410133333333333461e+00 -8.999999999999999320e-03
2.414933333333332932e+00 -6.000000000000000125e-03
2.419999999999999929e+00 -4.000000000000000083e-03
2.425066666666666482e+00 -3.000000000000000062e-03
2.430133333333333034e+00 -1.000000000000000021e-03
2.434933333333333394e+00 -2.000000000000000042e-03
2.439999999999999947e+00 2.000000000000000042e-03
2.445066666666666944e+00 3.000000000000000062e-03
2.450133333333333496e+00 1.000000000000000021e-02
2.454933333333332968e+00 1.099999999999999936e-02
2.459999999999999964e+00 8.999999999999999320e-03
2.465066666666666517e+00 1.099999999999999936e-02
2.470133333333333070e+00 1.700000000000000122e-02
2.474933333333333429e+00 1.700000000000000122e-02
2.479999999999999982e+00 1.700000000000000122e-02
2.485066666666666979e+00 2.199999999999999872e-02
2.490133333333333088e+00 2.199999999999999872e-02
2.494933333333333447e+00 2.800000000000000058e-02
2.500000000000000000e+00 2.500000000000000139e-02
2.505066666666666553e+00 3.099999999999999978e-02
2.510133333333333550e+00 3.200000000000000067e-02
2.514933333333333021e+00 3.099999999999999978e-02
2.519999999999999574e+00 3.300000000000000155e-02
2.525066666666666571e+00 3.699999999999999817e-02
2.530133333333333123e+00 3.799999999999999906e-02
2.534933333333333483e+00 4.200000000000000261e-02
2.540000000000000036e+00 4.299999999999999656e-02
2.545066666666666588e+00 4.499999999999999833e-02
2.550133333333333585e+00 4.499999999999999833e-02
2.554933333333333056e+00 4.700000000000000011e-02
2.560000000000000053e+00 5.299999999999999850e-02
2.565066666666666606e+00 5.299999999999999850e-02
2.570133333333333159e+00 5.600000000000000117e-02
2.574933333333333518e+00 5.700000000000000205e-02
2.580000000000000071e+00 5.899999999999999689e-02
2.585066666666667068e+00 6.099999999999999867e-02
2.590133333333333177e+00 6.199999999999999956e-02
2.594933333333333092e+00 6.700000000000000400e-02
2.600000000000000089e+00 6.700000000000000400e-02
2.605066666666666642e+00 7.099999999999999367e-02
2.610133333333333194e+00 6.900000000000000577e-02
2.614933333333333110e+00 7.399999999999999634e-02
2.619999999999999662e+00 7.099999999999999367e-02
2.625066666666666659e+00 7.699999999999999900e-02
2.630133333333333212e+00 7.799999999999999989e-02
2.634933333333333572e+00 8.100000000000000255e-02
2.640000000000000124e+00 8.400000000000000522e-02
2.645066666666666677e+00 8.599999999999999312e-02
2.650133333333333674e+00 8.599999999999999312e-02
2.654933333333333145e+00 8.699999999999999400e-02
2.659999999999999698e+00 8.999999999999999667e-02
2.665066666666666695e+00 9.299999999999999933e-02
2.670133333333333248e+00 9.600000000000000200e-02
2.674933333333333607e+00 9.800000000000000377e-02
2.680000000000000160e+00 9.700000000000000289e-02
2.685066666666666713e+00 9.900000000000000466e-02
2.690133333333333265e+00 1.049999999999999961e-01
2.694933333333333181e+00 1.049999999999999961e-01
2.700000000000000178e+00 1.049999999999999961e-01
2.705066666666666730e+00 1.100000000000000006e-01
2.710133333333333283e+00 1.100000000000000006e-01
2.714933333333333199e+00 1.120000000000000023e-01
2.719999999999999751e+00 1.160000000000000059e-01
2.725066666666666304e+00 1.160000000000000059e-01
2.730133333333333301e+00 1.189999999999999947e-01
2.734933333333333216e+00 1.199999999999999956e-01
2.740000000000000213e+00 1.209999999999999964e-01
2.745066666666666766e+00 1.260000000000000009e-01
2.750133333333333319e+00 1.260000000000000009e-01
2.754933333333333234e+00 1.310000000000000053e-01
2.759999999999999787e+00 1.310000000000000053e-01
2.765066666666666784e+00 1.320000000000000062e-01
2.770133333333333336e+00 1.340000000000000080e-01
2.774933333333333252e+00 1.360000000000000098e-01
2.780000000000000249e+00 1.390000000000000124e-01
2.785066666666666801e+00 1.380000000000000115e-01
2.790133333333332910e+00 1.409999999999999865e-01
2.794933333333333270e+00 1.419999999999999873e-01
2.799999999999999822e+00 1.469999999999999918e-01
2.805066666666666819e+00 1.459999999999999909e-01
2.810133333333333372e+00 1.519999999999999962e-01
2.814933333333333287e+00 1.489999999999999936e-01
2.819999999999999840e+00 1.549999999999999989e-01
2.825066666666666393e+00 1.539999999999999980e-01
2.830133333333333390e+00 1.590000000000000024e-01
2.834933333333333305e+00 1.610000000000000042e-01
2.839999999999999858e+00 1.610000000000000042e-01
2.845066666666666855e+00 1.640000000000000069e-01
2.850133333333333407e+00 1.650000000000000078e-01
2.854933333333333323e+00 1.690000000000000113e-01
2.859999999999999876e+00 1.680000000000000104e-01
2.865066666666666428e+00 1.690000000000000113e-01
2.870133333333333425e+00 1.739999999999999880e-01
2.874933333333333341e+00 1.749999999999999889e-01
2.880000000000000338e+00 1.779999999999999916e-01
2.885066666666666890e+00 1.789999999999999925e-01
2.890133333333332999e+00 1.789999999999999925e-01
2.894933333333333358e+00 1.839999999999999969e-01
2.899999999999999911e+00 1.869999999999999996e-01
2.905066666666666464e+00 1.849999999999999978e-01
2.910133333333333461e+00 1.880000000000000004e-01
2.914933333333332932e+00 1.880000000000000004e-01
2.919999999999999929e+00 1.940000000000000058e-01
2.925066666666666482e+00 1.950000000000000067e-01
2.930133333333333034e+00 1.990000000000000102e-01
2.934933333333333394e+00 1.970000000000000084e-01
2.939999999999999947e+00 2.030000000000000138e-01
2.945066666666666944e+00 2.039999999999999869e-01
2.950133333333333496e+00 2.059999999999999887e-01
2.954933333333332968e+00 2.059999999999999887e-01
2.959999999999999964e+00 2.099999999999999922e-01
2.965066666666666517e+00 2.109999999999999931e-01
2.970133333333333070e+00 2.149999999999999967e-01
2.974933333333333429e+00 2.119999999999999940e-01
2.979999999999999982e+00 2.169999999999999984e-01
2.985066666666666979e+00 2.200000000000000011e-01
2.990133333333333088e+00 2.200000000000000011e-01
2.994933333333333447e+00 2.200000000000000011e-01
3.000000000000000000e+00 2.260000000000000064e-01
3.005066666666666553e+00 2.230000000000000038e-01
3.010133333333333550e+00 2.270000000000000073e-01
3.014933333333333021e+00 2.300000000000000100e-01
3.019999999999999574e+00 2.349999999999999867e-01
3.025066666666666571e+00 2.340000000000000135e-01
3.030133333333333123e+00 2.349999999999999867e-01
3.034933333333333483e+00 2.389999999999999902e-01
3.040000000000000036e+00 2.389999999999999902e-01
3.045066666666666588e+00 2.419999999999999929e-01
3.050133333333333585e+00 2.449999999999999956e-01
3.054933333333333056e+00 2.449999999999999956e-01
3.060000000000000053e+00 2.459999999999999964e-01
3.065066666666666606e+00 2.489999999999999991e-01
3.070133333333333159e+00 2.510000000000000009e-01
3.074933333333333518e+00 2.530000000000000027e-01
3.080000000000000071e+00 2.540000000000000036e-01
3.085066666666667068e+00 2.580000000000000071e-01
3.090133333333333177e+00 2.600000000000000089e-01
3.094933333333333092e+00 2.610000000000000098e-01
3.100000000000000089e+00 2.620000000000000107e-01
3.105066666666666642e+00 2.640000000000000124e-01
3.110133333333333194e+00 2.660000000000000142e-01
3.114933333333333110e+00 2.700000000000000178e-01
3.119999999999999662e+00 2.700000000000000178e-01
3.125066666666666659e+00 2.740000000000000213e-01
3.130133333333333212e+00 2.730000000000000204e-01
3.134933333333333572e+00 2.750000000000000222e-01
3.140000000000000124e+00 2.800000000000000266e-01
3.145066666666666677e+00 2.819999999999999729e-01
3.150133333333333674e+00 2.839999999999999747e-01
3.154933333333333145e+00 2.869999999999999774e-01
3.159999999999999698e+00 2.869999999999999774e-01
3.165066666666666695e+00 2.889999999999999791e-01
3.170133333333333248e+00 2.889999999999999791e-01
3.174933333333333607e+00 2.939999999999999836e-01
3.180000000000000160e+00 2.949999999999999845e-01
3.185066666666666713e+00 2.979999999999999871e-01
3.190133333333333265e+00 2.969999999999999862e-01
3.194933333333333181e+00 2.999999999999999889e-01
3.200000000000000178e+00 3.039999999999999925e-01
3.205066666666666730e+00 3.029999999999999916e-01
3.210133333333333283e+00 3.049999999999999933e-01
3.214933333333333199e+00 3.089999999999999969e-01
3.219999999999999751e+00 3.089999999999999969e-01
3.225066666666666304e+00 3.140000000000000013e-01
3.230133333333333301e+00 3.140000000000000013e-01
3.234933333333333216e+00 3.160000000000000031e-01
3.240000000000000213e+00 3.170000000000000040e-01
3.245066666666666766e+00 3.220000000000000084e-01
3.250133333333333319e+00 3.230000000000000093e-01
3.254933333333333234e+00 3.240000000000000102e-01
3.259999999999999787e+00 3.260000000000000120e-01
3.265066666666666340e+00 3.280000000000000138e-01
3.270133333333333336e+00 3.300000000000000155e-01
3.274933333333333252e+00 3.340000000000000191e-01
3.280000000000000249e+00 3.340000000000000191e-01
3.285066666666666801e+00 3.350000000000000200e-01
3.290133333333332910e+00 3.390000000000000235e-01
3.294933333333333270e+00 3.400000000000000244e-01
3.299999999999999822e+00 3.439999999999999725e-01
3.305066666666666819e+00 3.439999999999999725e-01
3.310133333333333372e+00 3.479999999999999760e-01
3.314933333333332843e+00 3.519999999999999796e-01
3.319999999999999840e+00 3.489999999999999769e-01
3.325066666666666393e+00 3.499999999999999778e-01
3.330133333333332946e+00 3.559999999999999831e-01
3.334933333333333305e+00 3.559999999999999831e-01
3.339999999999999858e+00 3.599999999999999867e-01
3.345066666666666855e+00 3.599999999999999867e-01
3.350133333333333407e+00 3.619999999999999885e-01
3.354933333333333323e+00 3.639999999999999902e-01
3.359999999999999876e+00 3.659999999999999920e-01
3.365066666666666428e+00 3.689999999999999947e-01
3.370133333333333425e+00 3.699999999999999956e-01
3.374933333333333341e+00 3.719999999999999973e-01
3.380000000000000338e+00 3.750000000000000000e-01
3.385066666666666890e+00 3.780000000000000027e-01
3.390133333333332999e+00 3.790000000000000036e-01
3.394933333333333358e+00 3.830000000000000071e-01
3.399999999999999911e+00 3.820000000000000062e-01
3.405066666666666464e+00 3.840000000000000080e-01
3.410133333333333461e+00 3.850000000000000089e-01
3.414933333333332932e+00 3.880000000000000115e-01
3.419999999999999929e+00 3.920000000000000151e-01
3.425066666666666482e+00 3.920000000000000151e-01
3.430133333333333034e+00 3.950000000000000178e-01
3.434933333333333394e+00 3.980000000000000204e-01
3.439999999999999947e+00 3.960000000000000187e-01
3.445066666666666944e+00 3.990000000000000213e-01
3.450133333333333496e+00 4.010000000000000231e-01
3.454933333333332968e+00 4.050000000000000266e-01
3.459999999999999964e+00 4.060000000000000275e-01
3.465066666666666517e+00 4.050000000000000266e-01
3.470133333333333070e+00 4.089999999999999747e-01
3.474933333333333429e+00 4.089999999999999747e-01
3.479999999999999982e+00 4.159999999999999809e-01
3.485066666666666979e+00 4.169999999999999818e-01
3.490133333333333088e+00 4.169999999999999818e-01
3.494933333333333447e+00 4.189999999999999836e-01
3.500000000000000000e+00 4.209999999999999853e-01
3.505066666666666553e+00 4.229999999999999871e-01
3.510133333333333550e+00 4.269999999999999907e-01
3.514933333333333021e+00 4.259999999999999898e-01
3.519999999999999574e+00 4.289999999999999925e-01
3.525066666666666571e+00 4.289999999999999925e-01
3.530133333333333123e+00 4.349999999999999978e-01
3.534933333333333483e+00 4.349999999999999978e-01
3.540000000000000036e+00 4.369999999999999996e-01
3.545066666666666588e+00 4.410000000000000031e-01
3.550133333333333585e+00 4.400000000000000022e-01
3.554933333333333056e+00 4.440000000000000058e-01
3.560000000000000053e+00 4.470000000000000084e-01
3.565066666666666606e+00 4.470000000000000084e-01
3.570133333333333159e+00 4.510000000000000120e-01
3.574933333333333518e+00 4.530000000000000138e-01
3.580000000000000071e+00 4.550000000000000155e-01
3.585066666666666624e+00 4.530000000000000138e-01
3.590133333333333177e+00 4.590000000000000191e-01
3.594933333333333092e+00 4.580000000000000182e-01
3.600000000000000089e+00 4.610000000000000209e-01
3.605066666666666642e+00 4.610000000000000209e-01
3.610133333333333194e+00 4.680000000000000271e-01
3.614933333333333110e+00 4.650000000000000244e-01
3.619999999999999662e+00 4.680000000000000271e-01
3.625066666666666659e+00 4.719999999999999751e-01
3.630133333333333212e+00 4.759999999999999787e-01
3.634933333333333128e+00 4.739999999999999769e-01
3.640000000000000124e+00 4.779999999999999805e-01
3.645066666666666677e+00 4.789999999999999813e-01
3.650133333333333230e+00 4.809999999999999831e-01
3.654933333333333145e+00 4.829999999999999849e-01
3.659999999999999698e+00 4.839999999999999858e-01
3.665066666666666695e+00 4.879999999999999893e-01
3.670133333333333248e+00 4.889999999999999902e-01
3.674933333333333607e+00 4.899999999999999911e-01
3.680000000000000160e+00 4.929999999999999938e-01
3.685066666666666713e+00 4.929999999999999938e-01
3.690133333333333265e+00 4.969999999999999973e-01
3.694933333333333181e+00 5.010000000000000009e-01
3.699999999999999734e+00 5.000000000000000000e-01
3.705066666666666730e+00 5.030000000000000027e-01
3.710133333333333283e+00 5.070000000000000062e-01
3.714933333333333199e+00 5.050000000000000044e-01
3.719999999999999751e+00 5.080000000000000071e-01
3.725066666666666304e+00 5.120000000000000107e-01
3.730133333333333301e+00 5.150000000000000133e-01
3.734933333333333216e+00 5.170000000000000151e-01
3.740000000000000213e+00 5.150000000000000133e-01
3.745066666666666766e+00 5.200000000000000178e-01
3.750133333333333319e+00 5.220000000000000195e-01
3.754933333333333234e+00 5.220000000000000195e-01
3.759999999999999787e+00 5.240000000000000213e-01
3.765066666666666340e+00 5.260000000000000231e-01
3.770133333333333336e+00 5.280000000000000249e-01
3.774933333333333252e+00 5.330000000000000293e-01
3.780000000000000249e+00 5.320000000000000284e-01
3.785066666666666801e+00 5.360000000000000320e-01
3.790133333333332910e+00 5.370000000000000329e-01
3.794933333333333270e+00 5.380000000000000338e-01
3.799999999999999822e+00 5.390000000000000346e-01
3.805066666666666819e+00 5.410000000000000364e-01
3.810133333333333372e+00 5.410000000000000364e-01
3.814933333333332843e+00 5.460000000000000409e-01
3.819999999999999840e+00 5.470000000000000417e-01
3.825066666666666393e+00 5.510000000000000453e-01
3.830133333333332946e+00 5.540000000000000480e-01
3.834933333333333305e+00 5.540000000000000480e-01
3.839999999999999858e+00 5.580000000000000515e-01
3.845066666666666855e+00 5.560000000000000497e-01
3.850133333333333407e+00 5.580000000000000515e-01
3.854933333333333323e+00 5.600000000000000533e-01
3.859999999999999876e+00 5.629999999999999449e-01
3.865066666666666428e+00 5.639999999999999458e-01
3.870133333333333425e+00 5.659999999999999476e-01
3.874933333333333341e+00 5.679999999999999494e-01
3.880000000000000338e+00 5.739999999999999547e-01
3.885066666666666890e+00 5.719999999999999529e-01
3.890133333333332999e+00 5.769999999999999574e-01
3.894933333333333358e+00 5.769999999999999574e-01
3.899999999999999911e+00 5.779999999999999583e-01
3.905066666666666464e+00 5.809999999999999609e-01
3.910133333333333461e+00 5.859999999999999654e-01
3.914933333333332932e+00 5.849999999999999645e-01
3.919999999999999929e+00 5.859999999999999654e-01
3.925066666666666482e+00 5.919999999999999707e-01
3.930133333333333034e+00 5.909999999999999698e-01
3.934933333333333394e+00 5.939999999999999725e-01
3.939999999999999947e+00 5.949999999999999734e-01
3.945066666666666944e+00 5.979999999999999760e-01
3.950133333333333496e+00 6.019999999999999796e-01
3.954933333333332968e+00 6.039999999999999813e-01
3.959999999999999964e+00 6.039999999999999813e-01
3.965066666666666517e+00 6.049999999999999822e-01
3.970133333333333070e+00 6.069999999999999840e-01
3.974933333333333429e+00 6.089999999999999858e-01
3.979999999999999982e+00 6.129999999999999893e-01
3.985066666666666979e+00 6.109999999999999876e-01
3.990133333333333088e+00 6.159999999999999920e-01
3.994933333333333447e+00 6.169999999999999929e-01
