2.419999999999999929e+00 -4.149999999999999800e-01
2.425066666666666482e+00 -4.159999999999999809e-01
2.430133333333333034e+00 -4.129999999999999782e-01
2.434933333333333394e+00 -4.129999999999999782e-01
2.439999999999999947e+00 -4.139999999999999791e-01
2.445066666666666944e+00 -4.089999999999999747e-01
2.450133333333333496e+00 -4.089999999999999747e-01
2.454933333333332968e+00 -4.089999999999999747e-01
2.459999999999999964e+00 -4.010000000000000231e-01
2.465066666666666517e+00 -4.010000000000000231e-01
2.470133333333333070e+00 -4.000000000000000222e-01
2.474933333333333429e+00 -3.990000000000000213e-01
2.479999999999999982e+00 -3.940000000000000169e-01
2.485066666666666979e+00 -3.960000000000000187e-01
2.490133333333333088e+00 -3.940000000000000169e-01
2.494933333333333447e+00 -3.930000000000000160e-01
2.500000000000000000e+00 -3.870000000000000107e-01
2.505066666666666553e+00 -3.880000000000000115e-01
2.510133333333333550e+00 -3.880000000000000115e-01
2.514933333333333021e+00 -3.840000000000000080e-01
2.519999999999999574e+00 -3.820000000000000062e-01
2.525066666666666571e+00 -3.790000000000000036e-01
2.530133333333333123e+00 -3.770000000000000018e-01
2.534933333333333483e+00 -3.729999999999999982e-01
2.540000000000000036e+00 -3.709999999999999964e-01
2.545066666666666588e+00 -3.699999999999999956e-01
2.550133333333333585e+00 -3.679999999999999938e-01
2.554933333333333056e+00 -3.669999999999999929e-01
2.560000000000000053e+00 -3.659999999999999920e-01
2.565066666666666606e+00 -3.639999999999999902e-01
2.570133333333333159e+00 -3.639999999999999902e-01
2.574933333333333518e+00 -3.589999999999999858e-01
2.580000000000000071e+00 -3.569999999999999840e-01
2.585066666666667068e+00 -3.579999999999999849e-01
2.590133333333333177e+00 -3.539999999999999813e-01
2.594933333333333092e+00 -3.539999999999999813e-01
2.600000000000000089e+00 -3.519999999999999796e-01
2.605066666666666642e+00 -3.489999999999999769e-01
2.610133333333333194e+00 -3.479999999999999760e-01
2.614933333333333110e+00 -3.469999999999999751e-01
2.619999999999999662e+00 -3.449999999999999734e-01
2.625066666666666659e+00 -3.430000000000000271e-01
2.630133333333333212e+00 -3.380000000000000226e-01
2.634933333333333572e+00 -3.400000000000000244e-01
2.640000000000000124e+00 -3.350000000000000200e-01
2.645066666666666677e+00 -3.360000000000000209e-01
2.650133333333333674e+00 -3.310000000000000164e-01
2.654933333333333145e+00 -3.290000000000000147e-01
2.659999999999999698e+00 -3.280000000000000138e-01
2.665066666666666695e+00 -3.260000000000000120e-01
2.670133333333333248e+00 -3.250000000000000111e-01
2.674933333333333607e+00 -3.240000000000000102e-01
2.680000000000000160e+00 -3.200000000000000067e-01
2.685066666666666713e+00 -3.170000000000000040e-01
2.690133333333333265e+00 -3.140000000000000013e-01
2.694933333333333181e+00 -3.130000000000000004e-01
2.700000000000000178e+00 -3.099999999999999978e-01
2.705066666666666730e+00 -3.119999999999999996e-01
2.710133333333333283e+00 -3.089999999999999969e-01
2.714933333333333199e+00 -3.049999999999999933e-01
2.719999999999999751e+00 -3.039999999999999925e-01
2.725066666666666304e+00 -3.049999999999999933e-01
2.730133333333333301e+00 -2.999999999999999889e-01
2.734933333333333216e+00 -3.009999999999999898e-01
2.740000000000000213e+00 -2.979999999999999871e-01
2.745066666666666766e+00 -2.939999999999999836e-01
2.750133333333333319e+00 -2.949999999999999845e-01
2.754933333333333234e+00 -2.919999999999999818e-01
2.759999999999999787e+00 -2.889999999999999791e-01
2.765066666666666784e+00 -2.899999999999999800e-01
2.770133333333333336e+00 -2.849999999999999756e-01
2.774933333333333252e+00 -2.839999999999999747e-01
2.780000000000000249e+00 -2.849999999999999756e-01
2.785066666666666801e+00 -2.819999999999999729e-01
2.790133333333332910e+00 -2.790000000000000258e-01
2.794933333333333270e+00 -2.760000000000000231e-01
2.799999999999999822e+00 -2.730000000000000204e-01
2.805066666666666819e+00 -2.730000000000000204e-01
2.810133333333333372e+00 -2.700000000000000178e-01
2.814933333333333287e+00 -2.710000000000000187e-01
2.819999999999999840e+00 -2.660000000000000142e-01
2.825066666666666393e+00 -2.660000000000000142e-01
2.830133333333333390e+00 -2.660000000000000142e-01
2.834933333333333305e+00 -2.610000000000000098e-01
2.839999999999999858e+00 -2.590000000000000080e-01
2.845066666666666855e+00 -2.560000000000000053e-01
2.850133333333333407e+00 -2.570000000000000062e-01
2.854933333333333323e+00 -2.510000000000000009e-01
2.859999999999999876e+00 -2.520000000000000018e-01
2.865066666666666428e+00 -2.520000000000000018e-01
2.870133333333333425e+00 -2.479999999999999982e-01
2.874933333333333341e+00 -2.459999999999999964e-01
2.880000000000000338e+00 -2.429999999999999938e-01
2.885066666666666890e+00 -2.449999999999999956e-01
2.890133333333332999e+00 -2.429999999999999938e-01
2.894933333333333358e+00 -2.389999999999999902e-01
2.899999999999999911e+00 -2.359999999999999876e-01
2.905066666666666464e+00 -2.359999999999999876e-01
2.910133333333333461e+00 -2.330000000000000127e-01
2.914933333333332932e+00 -2.320000000000000118e-01
2.919999999999999929e+00 -2.280000000000000082e-01
2.925066666666666482e+00 -2.310000000000000109e-01
2.930133333333333034e+00 -2.250000000000000056e-01
2.934933333333333394e+00 -2.250000000000000056e-01
2.939999999999999947e+00 -2.220000000000000029e-01
2.945066666666666944e+00 -2.210000000000000020e-01
2.950133333333333496e+00 -2.200000000000000011e-01
2.954933333333332968e+00 -2.169999999999999984e-01
2.959999999999999964e+00 -2.179999999999999993e-01
2.965066666666666517e+00 -2.149999999999999967e-01
2.970133333333333070e+00 -2.119999999999999940e-01
2.974933333333333429e+00 -2.119999999999999940e-01
2.979999999999999982e+00 -2.059999999999999887e-01
2.985066666666666979e+00 -2.079999999999999905e-01
2.990133333333333088e+00 -2.049999999999999878e-01
2.994933333333333447e+00 -2.010000000000000120e-01
3.000000000000000000e+00 -2.000000000000000111e-01
3.005066666666666553e+00 -1.990000000000000102e-01
3.010133333333333550e+00 -1.940000000000000058e-01
3.014933333333333021e+00 -1.930000000000000049e-01
3.019999999999999574e+00 -1.920000000000000040e-01
3.025066666666666571e+00 -1.940000000000000058e-01
3.030133333333333123e+00 -1.910000000000000031e-01
3.034933333333333483e+00 -1.890000000000000013e-01
3.040000000000000036e+00 -1.869999999999999996e-01
3.045066666666666588e+00 -1.839999999999999969e-01
3.050133333333333585e+00 -1.809999999999999942e-01
3.054933333333333056e+00 -1.789999999999999925e-01
3.060000000000000053e+00 -1.759999999999999898e-01
3.065066666666666606e+00 -1.769999999999999907e-01
3.070133333333333159e+00 -1.739999999999999880e-01
3.074933333333333518e+00 -1.719999999999999862e-01
3.080000000000000071e+00 -1.710000000000000131e-01
3.085066666666667068e+00 -1.680000000000000104e-01
3.090133333333333177e+00 -1.660000000000000087e-01
3.094933333333333092e+00 -1.660000000000000087e-01
3.100000000000000089e+00 -1.640000000000000069e-01
3.105066666666666642e+00 -1.640000000000000069e-01
3.110133333333333194e+00 -1.610000000000000042e-01
3.114933333333333110e+00 -1.600000000000000033e-01
3.119999999999999662e+00 -1.549999999999999989e-01
3.125066666666666659e+00 -1.549999999999999989e-01
3.130133333333333212e+00 -1.539999999999999980e-01
3.134933333333333572e+00 -1.489999999999999936e-01
3.140000000000000124e+00 -1.479999999999999927e-01
3.145066666666666677e+00 -1.449999999999999900e-01
3.150133333333333674e+00 -1.419999999999999873e-01
3.154933333333333145e+00 -1.429999999999999882e-01
3.159999999999999698e+00 -1.400000000000000133e-01
3.165066666666666695e+00 -1.419999999999999873e-01
3.170133333333333248e+00 -1.370000000000000107e-01
3.174933333333333607e+00 -1.340000000000000080e-01
3.180000000000000160e+00 -1.340000000000000080e-01
3.185066666666666713e+00 -1.300000000000000044e-01
3.190133333333333265e+00 -1.290000000000000036e-01
3.194933333333333181e+00 -1.260000000000000009e-01
3.200000000000000178e+00 -1.250000000000000000e-01
3.205066666666666730e+00 -1.229999999999999982e-01
3.210133333333333283e+00 -1.209999999999999964e-01
3.214933333333333199e+00 -1.219999999999999973e-01
3.219999999999999751e+00 -1.219999999999999973e-01
3.225066666666666304e+00 -1.179999999999999938e-01
3.230133333333333301e+00 -1.140000000000000041e-01
3.234933333333333216e+00 -1.120000000000000023e-01
3.240000000000000213e+00 -1.130000000000000032e-01
3.245066666666666766e+00 -1.120000000000000023e-01
3.250133333333333319e+00 -1.059999999999999970e-01
3.254933333333333234e+00 -1.049999999999999961e-01
3.259999999999999787e+00 -1.059999999999999970e-01
3.265066666666666340e+00 -1.039999999999999952e-01
3.270133333333333336e+00 -1.010000000000000064e-01
3.274933333333333252e+00 -9.700000000000000289e-02
3.280000000000000249e+00 -9.600000000000000200e-02
3.285066666666666801e+00 -9.299999999999999933e-02
3.290133333333332910e+00 -9.199999999999999845e-02
3.294933333333333270e+00 -9.099999999999999756e-02
3.299999999999999822e+00 -9.099999999999999756e-02
3.305066666666666819e+00 -8.799999999999999489e-02
3.310133333333333372e+00 -8.599999999999999312e-02
3.314933333333332843e+00 -8.699999999999999400e-02
3.319999999999999840e+00 -8.300000000000000433e-02
3.325066666666666393e+00 -8.100000000000000255e-02
3.330133333333332946e+00 -8.100000000000000255e-02
3.334933333333333305e+00 -7.599999999999999811e-02
3.339999999999999858e+00 -7.399999999999999634e-02
3.345066666666666855e+00 -7.499999999999999722e-02
3.350133333333333407e+00 -7.099999999999999367e-02
3.354933333333333323e+00 -6.800000000000000488e-02
3.359999999999999876e+00 -6.600000000000000311e-02
3.365066666666666428e+00 -6.600000000000000311e-02
3.370133333333333425e+00 -5.999999999999999778e-02
3.374933333333333341e+00 -5.899999999999999689e-02
3.380000000000000338e+00 -5.999999999999999778e-02
3.385066666666666890e+00 -5.800000000000000294e-02
3.390133333333332999e+00 -5.700000000000000205e-02
3.394933333333333358e+00 -5.500000000000000028e-02
3.399999999999999911e+00 -5.099999999999999672e-02
3.405066666666666464e+00 -5.000000000000000278e-02
3.410133333333333461e+00 -4.800000000000000100e-02
3.414933333333332932e+00 -5.000000000000000278e-02
3.419999999999999929e+00 -4.399999999999999745e-02
3.425066666666666482e+00 -4.299999999999999656e-02
3.430133333333333034e+00 -4.200000000000000261e-02
3.434933333333333394e+00 -4.399999999999999745e-02
3.439999999999999947e+00 -4.200000000000000261e-02
3.445066666666666944e+00 -3.699999999999999817e-02
3.450133333333333496e+00 -3.300000000000000155e-02
3.454933333333332968e+00 -3.500000000000000333e-02
3.459999999999999964e+00 -3.300000000000000155e-02
3.465066666666666517e+00 -3.300000000000000155e-02
3.470133333333333070e+00 -3.200000000000000067e-02
3.474933333333333429e+00 -2.900000000000000147e-02
3.479999999999999982e+00 -2.699999999999999969e-02
3.485066666666666979e+00 -2.199999999999999872e-02
3.490133333333333088e+00 -2.299999999999999961e-02
3.494933333333333447e+00 -2.000000000000000042e-02
3.500000000000000000e+00 -2.199999999999999872e-02
3.505066666666666553e+00 -2.000000000000000042e-02
3.510133333333333550e+00 -1.400000000000000029e-02
3.514933333333333021e+00 -1.400000000000000029e-02
3.519999999999999574e+00 -1.000000000000000021e-02
3.525066666666666571e+00 -8.999999999999999320e-03
3.530133333333333123e+00 -8.999999999999999320e-03
3.534933333333333483e+00 -7.000000000000000146e-03
3.540000000000000036e+00 -4.000000000000000083e-03
3.545066666666666588e+00 -5.000000000000000104e-03
3.550133333333333585e+00 -2.000000000000000042e-03
3.554933333333333056e+00 1.000000000000000021e-03
3.560000000000000053e+00 1.000000000000000021e-03
3.565066666666666606e+00 2.000000000000000042e-03
3.570133333333333159e+00 4.000000000000000083e-03
3.574933333333333518e+00 7.000000000000000146e-03
3.580000000000000071e+00 7.000000000000000146e-03
3.585066666666666624e+00 1.200000000000000025e-02
3.590133333333333177e+00 1.299999999999999940e-02
3.594933333333333092e+00 1.400000000000000029e-02
3.600000000000000089e+00 1.799999999999999864e-02
3.605066666666666642e+00 1.700000000000000122e-02
3.610133333333333194e+00 1.899999999999999953e-02
3.614933333333333110e+00 2.500000000000000139e-02
3.619999999999999662e+00 2.599999999999999881e-02
3.625066666666666659e+00 2.699999999999999969e-02
3.630133333333333212e+00 2.699999999999999969e-02
3.634933333333333128e+00 3.099999999999999978e-02
3.640000000000000124e+00 3.400000000000000244e-02
3.645066666666666677e+00 3.599999999999999728e-02
3.650133333333333230e+00 3.599999999999999728e-02
3.654933333333333145e+00 3.599999999999999728e-02
3.659999999999999698e+00 3.899999999999999994e-02
3.665066666666666695e+00 3.899999999999999994e-02
3.670133333333333248e+00 4.299999999999999656e-02
3.674933333333333607e+00 4.499999999999999833e-02
3.680000000000000160e+00 4.399999999999999745e-02
3.685066666666666713e+00 4.800000000000000100e-02
3.690133333333333265e+00 5.199999999999999761e-02
3.694933333333333181e+00 5.199999999999999761e-02
3.699999999999999734e+00 5.099999999999999672e-02
3.705066666666666730e+00 5.800000000000000294e-02
3.710133333333333283e+00 5.600000000000000117e-02
3.714933333333333199e+00 5.899999999999999689e-02
3.719999999999999751e+00 6.099999999999999867e-02
3.725066666666666304e+00 5.899999999999999689e-02
3.730133333333333301e+00 6.500000000000000222e-02
3.734933333333333216e+00 6.500000000000000222e-02
3.740000000000000213e+00 6.500000000000000222e-02
3.745066666666666766e+00 6.800000000000000488e-02
3.750133333333333319e+00 7.199999999999999456e-02
3.754933333333333234e+00 7.099999999999999367e-02
3.759999999999999787e+00 7.499999999999999722e-02
3.765066666666666340e+00 7.799999999999999989e-02
3.770133333333333336e+00 7.799999999999999989e-02
3.774933333333333252e+00 7.900000000000000078e-02
3.780000000000000249e+00 7.900000000000000078e-02
3.785066666666666801e+00 8.100000000000000255e-02
3.790133333333332910e+00 8.500000000000000611e-02
3.794933333333333270e+00 8.500000000000000611e-02
3.799999999999999822e+00 8.599999999999999312e-02
3.805066666666666819e+00 9.199999999999999845e-02
3.810133333333333372e+00 8.899999999999999578e-02
3.814933333333332843e+00 9.299999999999999933e-02
3.819999999999999840e+00 9.400000000000000022e-02
3.825066666666666393e+00 9.700000000000000289e-02
3.830133333333332946e+00 9.500000000000000111e-02
3.834933333333333305e+00 1.000000000000000056e-01
3.839999999999999858e+00 9.900000000000000466e-02
3.845066666666666855e+00 1.029999999999999943e-01
3.850133333333333407e+00 1.049999999999999961e-01
3.854933333333333323e+00 1.059999999999999970e-01
3.859999999999999876e+00 1.079999999999999988e-01
3.865066666666666428e+00 1.079999999999999988e-01
3.870133333333333425e+00 1.100000000000000006e-01
3.874933333333333341e+00 1.120000000000000023e-01
3.880000000000000338e+00 1.140000000000000041e-01
3.885066666666666890e+00 1.179999999999999938e-01
3.890133333333332999e+00 1.199999999999999956e-01
3.894933333333333358e+00 1.229999999999999982e-01
3.899999999999999911e+00 1.219999999999999973e-01
3.905066666666666464e+00 1.260000000000000009e-01
3.910133333333333461e+00 1.239999999999999991e-01
3.914933333333332932e+00 1.260000000000000009e-01
3.919999999999999929e+00 1.290000000000000036e-01
3.925066666666666482e+00 1.310000000000000053e-01
3.930133333333333034e+00 1.340000000000000080e-01
3.934933333333333394e+00 1.370000000000000107e-01
3.939999999999999947e+00 1.370000000000000107e-01
3.945066666666666944e+00 1.360000000000000098e-01
3.950133333333333496e+00 1.380000000000000115e-01
3.954933333333332968e+00 1.429999999999999882e-01
3.959999999999999964e+00 1.449999999999999900e-01
3.965066666666666517e+00 1.459999999999999909e-01
3.970133333333333070e+00 1.449999999999999900e-01
3.974933333333333429e+00 1.499999999999999944e-01
3.979999999999999982e+00 1.519999999999999962e-01
3.985066666666666979e+00 1.539999999999999980e-01
3.990133333333333088e+00 1.549999999999999989e-01
3.994933333333333447e+00 1.549999999999999989e-01
